[
    {
        "silhouette_path": "./pose_refine_dataset_e/silhouettes/silhouette_0.png",
        "RT": [
            [
                0.0,
                -0.4830773174762726,
                -0.8755776882171631,
                1.4500000476837158
            ],
            [
                -0.0,
                0.8755776882171631,
                -0.4830773174762726,
                0.800000011920929
            ],
            [
                1.0,
                0.0,
                0.0,
                0.0
            ],
            [
                0.0,
                0.0,
                0.0,
                1.0
            ]
        ]
    },
    {
        "silhouette_path": "./pose_refine_dataset_e/silhouettes/silhouette_1.png",
        "RT": [
            [
                -0.7071067690849304,
                -0.33129456639289856,
                -0.6246950626373291,
                0.800000011920929
            ],
            [
                0.0,
                0.8834522366523743,
                -0.4685212969779968,
                0.6000000238418579
            ],
            [
                0.7071067690849304,
                -0.33129456639289856,
                -0.6246950626373291,
                0.800000011920929
            ],
            [
                0.0,
                0.0,
                0.0,
                1.0
            ]
        ]
    },
    {
        "silhouette_path": "./pose_refine_dataset_e/silhouettes/silhouette_2.png",
        "RT": [
            [
                -0.9578263163566589,
                -0.20841875672340393,
                -0.19781415164470673,
                0.30000001192092896
            ],
            [
                0.0,
                0.6884134411811829,
                -0.7253185510635376,
                1.100000023841858
            ],
            [
                0.2873478829860687,
                -0.694729208946228,
                -0.6593804955482483,
                1.0
            ],
            [
                0.0,
                0.0,
                0.0,
                1.0
            ]
        ]
    },
    {
        "silhouette_path": "./pose_refine_dataset_e/silhouettes/silhouette_3.png",
        "RT": [
            [
                -0.923076868057251,
                0.21892692148685455,
                0.3162277638912201,
                -0.5
            ],
            [
                0.0,
                0.8221922516822815,
                -0.5692099332809448,
                0.8999999761581421
            ],
            [
                -0.38461536169052124,
                -0.525424599647522,
                -0.7589466571807861,
                1.2000000476837158
            ],
            [
                0.0,
                0.0,
                0.0,
                1.0
            ]
        ]
    },
    {
        "silhouette_path": "./pose_refine_dataset_e/silhouettes/silhouette_4.png",
        "RT": [
            [
                -0.4472135901451111,
                0.5345224738121033,
                0.7171372175216675,
                -1.2000000476837158
            ],
            [
                0.0,
                0.8017838001251221,
                -0.5976142883300781,
                1.0
            ],
            [
                -0.8944271802902222,
                -0.26726123690605164,
                -0.35856860876083374,
                0.6000000238418579
            ],
            [
                0.0,
                0.0,
                0.0,
                1.0
            ]
        ]
    },
    {
        "silhouette_path": "./pose_refine_dataset_e/silhouettes/silhouette_5.png",
        "RT": [
            [
                0.0,
                0.49520304799079895,
                0.8687772154808044,
                -1.0
            ],
            [
                0.0,
                0.8687772750854492,
                -0.49520301818847656,
                0.5699999928474426
            ],
            [
                -1.0,
                0.0,
                0.0,
                0.0
            ],
            [
                0.0,
                0.0,
                0.0,
                1.0
            ]
        ]
    },
    {
        "silhouette_path": "./pose_refine_dataset_e/silhouettes/silhouette_6.png",
        "RT": [
            [
                0.6643638610839844,
                0.5483236908912659,
                0.5078994035720825,
                -0.8999999761581421
            ],
            [
                0.0,
                0.6795465350151062,
                -0.7336324453353882,
                1.2999999523162842
            ],
            [
                -0.7474092841148376,
                0.4873988926410675,
                0.4514661431312561,
                -0.800000011920929
            ],
            [
                0.0,
                0.0,
                0.0,
                1.0
            ]
        ]
    },
    {
        "silhouette_path": "./pose_refine_dataset_e/silhouettes/silhouette_7.png",
        "RT": [
            [
                0.964763879776001,
                0.15112584829330444,
                0.21538744866847992,
                -0.30000001192092896
            ],
            [
                0.0,
                0.8185983300209045,
                -0.5743665099143982,
                0.800000011920929
            ],
            [
                -0.2631174325942993,
                0.5541280508041382,
                0.7897539734840393,
                -1.100000023841858
            ],
            [
                0.0,
                0.0,
                0.0,
                1.0
            ]
        ]
    },
    {
        "silhouette_path": "./pose_refine_dataset_e/silhouettes/silhouette_8.png",
        "RT": [
            [
                0.923076868057251,
                -0.18234607577323914,
                -0.33864274621009827,
                0.5
            ],
            [
                -0.0,
                0.8804711103439331,
                -0.4740998148918152,
                0.699999988079071
            ],
            [
                0.38461536169052124,
                0.4376305639743805,
                0.8127425909042358,
                -1.2000000476837158
            ],
            [
                0.0,
                0.0,
                0.0,
                1.0
            ]
        ]
    },
    {
        "silhouette_path": "./pose_refine_dataset_e/silhouettes/silhouette_9.png",
        "RT": [
            [
                0.5734623670578003,
                -0.5743205547332764,
                -0.584206223487854,
                1.0
            ],
            [
                -0.0,
                0.7131145596504211,
                -0.7010475397109985,
                1.2000000476837158
            ],
            [
                0.8192319273948669,
                0.40202438831329346,
                0.40894436836242676,
                -0.699999988079071
            ],
            [
                0.0,
                0.0,
                0.0,
                1.0
            ]
        ]
    }
]