[
    {
        "silhouette_path": "./pose_refine_dataset/silhouettes/silhouette_0.png",
        "RT": [
            [
                -0.5323496460914612,
                -0.7047386765480042,
                -0.4689854383468628,
                1.072625756263733
            ],
            [
                0.0,
                0.5540127754211426,
                -0.8325082063674927,
                1.9040457010269165
            ],
            [
                0.8465245962142944,
                -0.4431854486465454,
                -0.29492849111557007,
                0.6745366454124451
            ],
            [
                0.0,
                0.0,
                0.0,
                1.0
            ]
        ]
    },
    {
        "silhouette_path": "./pose_refine_dataset/silhouettes/silhouette_1.png",
        "RT": [
            [
                -0.6582210659980774,
                -0.6267327666282654,
                -0.4170745015144348,
                0.9538991451263428
            ],
            [
                0.0,
                0.5540127754211426,
                -0.8325082063674927,
                1.9040457010269165
            ],
            [
                0.7528247237205505,
                -0.5479744672775269,
                -0.36466288566589355,
                0.8340275883674622
            ],
            [
                0.0,
                0.0,
                0.0,
                1.0
            ]
        ]
    },
    {
        "silhouette_path": "./pose_refine_dataset/silhouettes/silhouette_2.png",
        "RT": [
            [
                -0.7678850889205933,
                -0.5332944393157959,
                -0.3548937737941742,
                0.8116844296455383
            ],
            [
                0.0,
                0.5540127754211426,
                -0.8325082063674927,
                1.9040457010269165
            ],
            [
                0.6405876874923706,
                -0.6392706036567688,
                -0.4254181385040283,
                0.9729820489883423
            ],
            [
                0.0,
                0.0,
                0.0,
                1.0
            ]
        ]
    },
    {
        "silhouette_path": "./pose_refine_dataset/silhouettes/silhouette_3.png",
        "RT": [
            [
                -0.8586410880088806,
                -0.42672479152679443,
                -0.28397437930107117,
                0.649483323097229
            ],
            [
                0.0,
                0.5540127754211426,
                -0.8325082063674927,
                1.9040457010269165
            ],
            [
                0.5125772953033447,
                -0.7148257493972778,
                -0.4756981432437897,
                1.087978482246399
            ],
            [
                0.0,
                0.0,
                0.0,
                1.0
            ]
        ]
    },
    {
        "silhouette_path": "./pose_refine_dataset/silhouettes/silhouette_4.png",
        "RT": [
            [
                -0.9282545447349548,
                -0.30964773893356323,
                -0.20606258511543274,
                0.4712897837162018
            ],
            [
                0.0,
                0.5540128350257874,
                -0.8325081467628479,
                1.9040457010269165
            ],
            [
                0.3719455599784851,
                -0.7727795243263245,
                -0.5142648816108704,
                1.1761852502822876
            ],
            [
                0.0,
                0.0,
                0.0,
                1.0
            ]
        ]
    },
    {
        "silhouette_path": "./pose_refine_dataset/silhouettes/silhouette_5.png",
        "RT": [
            [
                -0.9750112891197205,
                -0.18494611978530884,
                -0.12307687848806381,
                0.2814915180206299
            ],
            [
                0.0,
                0.5540127754211426,
                -0.8325082063674927,
                1.9040457010269165
            ],
            [
                0.22215530276298523,
                -0.8117048740386963,
                -0.5401687026023865,
                1.235430359840393
            ],
            [
                0.0,
                0.0,
                0.0,
                1.0
            ]
        ]
    },
    {
        "silhouette_path": "./pose_refine_dataset/silhouettes/silhouette_6.png",
        "RT": [
            [
                -0.9977600574493408,
                -0.05569049343466759,
                -0.03706058859825134,
                0.08476199209690094
            ],
            [
                0.0,
                0.5540127754211426,
                -0.8325082063674927,
                1.9040457010269165
            ],
            [
                0.06689482927322388,
                -0.8306434154510498,
                -0.552771806716919,
                1.264255166053772
            ],
            [
                0.0,
                0.0,
                0.0,
                1.0
            ]
        ]
    },
    {
        "silhouette_path": "./pose_refine_dataset/silhouettes/silhouette_7.png",
        "RT": [
            [
                -0.995940625667572,
                0.0749364122748375,
                0.049868252128362656,
                -0.11405465006828308
            ],
            [
                0.0,
                0.5540127754211426,
                -0.8325082063674927,
                1.9040457010269165
            ],
            [
                -0.0900128185749054,
                -0.8291287422180176,
                -0.5517638325691223,
                1.2619497776031494
            ],
            [
                0.0,
                0.0,
                0.0,
                1.0
            ]
        ]
    },
    {
        "silhouette_path": "./pose_refine_dataset/silhouettes/silhouette_8.png",
        "RT": [
            [
                -0.9695978164672852,
                0.2037181258201599,
                0.13556917011737823,
                -0.31006288528442383
            ],
            [
                0.0,
                0.5540127754211426,
                -0.8325082063674927,
                1.9040457010269165
            ],
            [
                -0.24470405280590057,
                -0.807198166847229,
                -0.5371695756912231,
                1.2285709381103516
            ],
            [
                0.0,
                0.0,
                0.0,
                1.0
            ]
        ]
    },
    {
        "silhouette_path": "./pose_refine_dataset/silhouettes/silhouette_9.png",
        "RT": [
            [
                -0.9193803071975708,
                0.3274836242198944,
                0.21793192625045776,
                -0.4984363317489624
            ],
            [
                0.0,
                0.5540127754211426,
                -0.8325082063674927,
                1.9040457010269165
            ],
            [
                -0.3933698534965515,
                -0.7653916478157043,
                -0.509348452091217,
                1.1649407148361206
            ],
            [
                0.0,
                0.0,
                0.0,
                1.0
            ]
        ]
    },
    {
        "silhouette_path": "./pose_refine_dataset/silhouettes/silhouette_10.png",
        "RT": [
            [
                -0.8465246558189392,
                0.44318538904190063,
                0.29492849111557007,
                -0.6745366454124451
            ],
            [
                0.0,
                0.5540127754211426,
                -0.8325082063674927,
                1.9040457010269165
            ],
            [
                -0.5323496460914612,
                -0.7047386765480042,
                -0.4689854681491852,
                1.072625756263733
            ],
            [
                0.0,
                0.0,
                0.0,
                1.0
            ]
        ]
    },
    {
        "silhouette_path": "./pose_refine_dataset/silhouettes/silhouette_11.png",
        "RT": [
            [
                -0.7528247237205505,
                0.5479744672775269,
                0.36466288566589355,
                -0.8340275883674622
            ],
            [
                0.0,
                0.5540127754211426,
                -0.8325082063674927,
                1.9040457010269165
            ],
            [
                -0.6582210659980774,
                -0.6267327666282654,
                -0.4170745015144348,
                0.9538991451263428
            ],
            [
                0.0,
                0.0,
                0.0,
                1.0
            ]
        ]
    },
    {
        "silhouette_path": "./pose_refine_dataset/silhouettes/silhouette_12.png",
        "RT": [
            [
                -0.6405876874923706,
                0.6392706036567688,
                0.4254181385040283,
                -0.9729820489883423
            ],
            [
                0.0,
                0.5540127754211426,
                -0.8325082063674927,
                1.9040457010269165
            ],
            [
                -0.7678850889205933,
                -0.5332944393157959,
                -0.3548937737941742,
                0.8116844296455383
            ],
            [
                0.0,
                0.0,
                0.0,
                1.0
            ]
        ]
    },
    {
        "silhouette_path": "./pose_refine_dataset/silhouettes/silhouette_13.png",
        "RT": [
            [
                -0.5125772953033447,
                0.7148257493972778,
                0.4756981432437897,
                -1.087978482246399
            ],
            [
                0.0,
                0.5540127754211426,
                -0.8325082063674927,
                1.9040457010269165
            ],
            [
                -0.8586410880088806,
                -0.42672479152679443,
                -0.28397437930107117,
                0.649483323097229
            ],
            [
                0.0,
                0.0,
                0.0,
                1.0
            ]
        ]
    },
    {
        "silhouette_path": "./pose_refine_dataset/silhouettes/silhouette_14.png",
        "RT": [
            [
                -0.3719455599784851,
                0.7727794647216797,
                0.5142648816108704,
                -1.1761852502822876
            ],
            [
                0.0,
                0.5540127754211426,
                -0.8325081467628479,
                1.9040457010269165
            ],
            [
                -0.9282545447349548,
                -0.30964770913124084,
                -0.20606258511543274,
                0.4712897837162018
            ],
            [
                0.0,
                0.0,
                0.0,
                1.0
            ]
        ]
    },
    {
        "silhouette_path": "./pose_refine_dataset/silhouettes/silhouette_15.png",
        "RT": [
            [
                -0.22215530276298523,
                0.8117048740386963,
                0.5401687026023865,
                -1.235430359840393
            ],
            [
                0.0,
                0.5540127754211426,
                -0.8325082063674927,
                1.9040457010269165
            ],
            [
                -0.9750112891197205,
                -0.18494611978530884,
                -0.12307687848806381,
                0.2814915180206299
            ],
            [
                0.0,
                0.0,
                0.0,
                1.0
            ]
        ]
    },
    {
        "silhouette_path": "./pose_refine_dataset/silhouettes/silhouette_16.png",
        "RT": [
            [
                -0.06689482927322388,
                0.8306434154510498,
                0.552771806716919,
                -1.264255166053772
            ],
            [
                0.0,
                0.5540127754211426,
                -0.8325082063674927,
                1.9040457010269165
            ],
            [
                -0.9977600574493408,
                -0.05569049343466759,
                -0.03706058859825134,
                0.08476199209690094
            ],
            [
                0.0,
                0.0,
                0.0,
                1.0
            ]
        ]
    },
    {
        "silhouette_path": "./pose_refine_dataset/silhouettes/silhouette_17.png",
        "RT": [
            [
                0.0900128185749054,
                0.8291287422180176,
                0.5517638325691223,
                -1.2619497776031494
            ],
            [
                0.0,
                0.5540127754211426,
                -0.8325082063674927,
                1.9040457010269165
            ],
            [
                -0.995940625667572,
                0.0749364122748375,
                0.049868252128362656,
                -0.11405465006828308
            ],
            [
                0.0,
                0.0,
                0.0,
                1.0
            ]
        ]
    },
    {
        "silhouette_path": "./pose_refine_dataset/silhouettes/silhouette_18.png",
        "RT": [
            [
                0.24470405280590057,
                0.807198166847229,
                0.5371695756912231,
                -1.2285709381103516
            ],
            [
                0.0,
                0.5540127754211426,
                -0.8325082063674927,
                1.9040457010269165
            ],
            [
                -0.9695978164672852,
                0.2037181258201599,
                0.13556917011737823,
                -0.31006288528442383
            ],
            [
                0.0,
                0.0,
                0.0,
                1.0
            ]
        ]
    },
    {
        "silhouette_path": "./pose_refine_dataset/silhouettes/silhouette_19.png",
        "RT": [
            [
                0.3933698534965515,
                0.7653916478157043,
                0.509348452091217,
                -1.1649407148361206
            ],
            [
                0.0,
                0.5540127754211426,
                -0.8325082063674927,
                1.9040457010269165
            ],
            [
                -0.9193803071975708,
                0.3274836242198944,
                0.21793192625045776,
                -0.4984363317489624
            ],
            [
                0.0,
                0.0,
                0.0,
                1.0
            ]
        ]
    },
    {
        "silhouette_path": "./pose_refine_dataset/silhouettes/silhouette_20.png",
        "RT": [
            [
                0.5323496460914612,
                0.7047386765480042,
                0.4689854383468628,
                -1.072625756263733
            ],
            [
                0.0,
                0.5540127754211426,
                -0.8325082063674927,
                1.9040457010269165
            ],
            [
                -0.8465245962142944,
                0.4431854486465454,
                0.29492849111557007,
                -0.6745366454124451
            ],
            [
                0.0,
                0.0,
                0.0,
                1.0
            ]
        ]
    },
    {
        "silhouette_path": "./pose_refine_dataset/silhouettes/silhouette_21.png",
        "RT": [
            [
                0.6582210659980774,
                0.6267327666282654,
                0.4170745015144348,
                -0.9538991451263428
            ],
            [
                0.0,
                0.5540127754211426,
                -0.8325082063674927,
                1.9040457010269165
            ],
            [
                -0.7528247237205505,
                0.5479744672775269,
                0.36466288566589355,
                -0.8340275883674622
            ],
            [
                0.0,
                0.0,
                0.0,
                1.0
            ]
        ]
    },
    {
        "silhouette_path": "./pose_refine_dataset/silhouettes/silhouette_22.png",
        "RT": [
            [
                0.7678850889205933,
                0.5332944393157959,
                0.3548937737941742,
                -0.8116844296455383
            ],
            [
                0.0,
                0.5540127754211426,
                -0.8325082063674927,
                1.9040457010269165
            ],
            [
                -0.6405876874923706,
                0.6392706036567688,
                0.4254181385040283,
                -0.9729820489883423
            ],
            [
                0.0,
                0.0,
                0.0,
                1.0
            ]
        ]
    },
    {
        "silhouette_path": "./pose_refine_dataset/silhouettes/silhouette_23.png",
        "RT": [
            [
                0.8586410880088806,
                0.42672479152679443,
                0.28397437930107117,
                -0.649483323097229
            ],
            [
                0.0,
                0.5540127754211426,
                -0.8325082063674927,
                1.9040457010269165
            ],
            [
                -0.5125772953033447,
                0.7148257493972778,
                0.4756981432437897,
                -1.087978482246399
            ],
            [
                0.0,
                0.0,
                0.0,
                1.0
            ]
        ]
    },
    {
        "silhouette_path": "./pose_refine_dataset/silhouettes/silhouette_24.png",
        "RT": [
            [
                0.9282545447349548,
                0.30964773893356323,
                0.20606258511543274,
                -0.4712897837162018
            ],
            [
                0.0,
                0.5540128350257874,
                -0.8325081467628479,
                1.9040457010269165
            ],
            [
                -0.3719455599784851,
                0.7727795243263245,
                0.5142648816108704,
                -1.1761852502822876
            ],
            [
                0.0,
                0.0,
                0.0,
                1.0
            ]
        ]
    },
    {
        "silhouette_path": "./pose_refine_dataset/silhouettes/silhouette_25.png",
        "RT": [
            [
                0.9750112891197205,
                0.18494611978530884,
                0.12307687848806381,
                -0.2814915180206299
            ],
            [
                0.0,
                0.5540127754211426,
                -0.8325082063674927,
                1.9040457010269165
            ],
            [
                -0.22215530276298523,
                0.8117048740386963,
                0.5401687026023865,
                -1.235430359840393
            ],
            [
                0.0,
                0.0,
                0.0,
                1.0
            ]
        ]
    },
    {
        "silhouette_path": "./pose_refine_dataset/silhouettes/silhouette_26.png",
        "RT": [
            [
                0.9977600574493408,
                0.05569049343466759,
                0.03706058859825134,
                -0.08476199209690094
            ],
            [
                0.0,
                0.5540127754211426,
                -0.8325082063674927,
                1.9040457010269165
            ],
            [
                -0.06689482927322388,
                0.8306434154510498,
                0.552771806716919,
                -1.264255166053772
            ],
            [
                0.0,
                0.0,
                0.0,
                1.0
            ]
        ]
    },
    {
        "silhouette_path": "./pose_refine_dataset/silhouettes/silhouette_27.png",
        "RT": [
            [
                0.995940625667572,
                -0.0749364122748375,
                -0.049868252128362656,
                0.11405465006828308
            ],
            [
                -0.0,
                0.5540127754211426,
                -0.8325082063674927,
                1.9040457010269165
            ],
            [
                0.0900128185749054,
                0.8291287422180176,
                0.5517638325691223,
                -1.2619497776031494
            ],
            [
                0.0,
                0.0,
                0.0,
                1.0
            ]
        ]
    },
    {
        "silhouette_path": "./pose_refine_dataset/silhouettes/silhouette_28.png",
        "RT": [
            [
                0.9695978164672852,
                -0.2037181258201599,
                -0.13556917011737823,
                0.31006288528442383
            ],
            [
                -0.0,
                0.5540127754211426,
                -0.8325082063674927,
                1.9040457010269165
            ],
            [
                0.24470405280590057,
                0.807198166847229,
                0.5371695756912231,
                -1.2285709381103516
            ],
            [
                0.0,
                0.0,
                0.0,
                1.0
            ]
        ]
    },
    {
        "silhouette_path": "./pose_refine_dataset/silhouettes/silhouette_29.png",
        "RT": [
            [
                0.9193803071975708,
                -0.3274836242198944,
                -0.21793192625045776,
                0.4984363317489624
            ],
            [
                -0.0,
                0.5540127754211426,
                -0.8325082063674927,
                1.9040457010269165
            ],
            [
                0.3933698534965515,
                0.7653916478157043,
                0.509348452091217,
                -1.1649407148361206
            ],
            [
                0.0,
                0.0,
                0.0,
                1.0
            ]
        ]
    },
    {
        "silhouette_path": "./pose_refine_dataset/silhouettes/silhouette_30.png",
        "RT": [
            [
                0.8465246558189392,
                -0.44318538904190063,
                -0.29492849111557007,
                0.6745366454124451
            ],
            [
                -0.0,
                0.5540127754211426,
                -0.8325082063674927,
                1.9040457010269165
            ],
            [
                0.5323496460914612,
                0.7047386765480042,
                0.4689854681491852,
                -1.072625756263733
            ],
            [
                0.0,
                0.0,
                0.0,
                1.0
            ]
        ]
    },
    {
        "silhouette_path": "./pose_refine_dataset/silhouettes/silhouette_31.png",
        "RT": [
            [
                0.7528247237205505,
                -0.5479744672775269,
                -0.36466288566589355,
                0.8340275883674622
            ],
            [
                -0.0,
                0.5540127754211426,
                -0.8325082063674927,
                1.9040457010269165
            ],
            [
                0.6582210659980774,
                0.6267327666282654,
                0.4170745015144348,
                -0.9538991451263428
            ],
            [
                0.0,
                0.0,
                0.0,
                1.0
            ]
        ]
    },
    {
        "silhouette_path": "./pose_refine_dataset/silhouettes/silhouette_32.png",
        "RT": [
            [
                0.6405876874923706,
                -0.6392706036567688,
                -0.4254181385040283,
                0.9729820489883423
            ],
            [
                -0.0,
                0.5540127754211426,
                -0.8325082063674927,
                1.9040457010269165
            ],
            [
                0.7678850889205933,
                0.5332944393157959,
                0.3548937737941742,
                -0.8116844296455383
            ],
            [
                0.0,
                0.0,
                0.0,
                1.0
            ]
        ]
    },
    {
        "silhouette_path": "./pose_refine_dataset/silhouettes/silhouette_33.png",
        "RT": [
            [
                0.5125772953033447,
                -0.7148257493972778,
                -0.4756981432437897,
                1.087978482246399
            ],
            [
                -0.0,
                0.5540127754211426,
                -0.8325082063674927,
                1.9040457010269165
            ],
            [
                0.8586410880088806,
                0.42672479152679443,
                0.28397437930107117,
                -0.649483323097229
            ],
            [
                0.0,
                0.0,
                0.0,
                1.0
            ]
        ]
    },
    {
        "silhouette_path": "./pose_refine_dataset/silhouettes/silhouette_34.png",
        "RT": [
            [
                0.3719455599784851,
                -0.7727794647216797,
                -0.5142648816108704,
                1.1761852502822876
            ],
            [
                -0.0,
                0.5540127754211426,
                -0.8325081467628479,
                1.9040457010269165
            ],
            [
                0.9282545447349548,
                0.30964770913124084,
                0.20606258511543274,
                -0.4712897837162018
            ],
            [
                0.0,
                0.0,
                0.0,
                1.0
            ]
        ]
    },
    {
        "silhouette_path": "./pose_refine_dataset/silhouettes/silhouette_35.png",
        "RT": [
            [
                0.22215530276298523,
                -0.8117048740386963,
                -0.5401687026023865,
                1.235430359840393
            ],
            [
                -0.0,
                0.5540127754211426,
                -0.8325082063674927,
                1.9040457010269165
            ],
            [
                0.9750112891197205,
                0.18494611978530884,
                0.12307687848806381,
                -0.2814915180206299
            ],
            [
                0.0,
                0.0,
                0.0,
                1.0
            ]
        ]
    },
    {
        "silhouette_path": "./pose_refine_dataset/silhouettes/silhouette_36.png",
        "RT": [
            [
                0.06689482927322388,
                -0.8306434154510498,
                -0.552771806716919,
                1.264255166053772
            ],
            [
                -0.0,
                0.5540127754211426,
                -0.8325082063674927,
                1.9040457010269165
            ],
            [
                0.9977600574493408,
                0.05569049343466759,
                0.03706058859825134,
                -0.08476199209690094
            ],
            [
                0.0,
                0.0,
                0.0,
                1.0
            ]
        ]
    },
    {
        "silhouette_path": "./pose_refine_dataset/silhouettes/silhouette_37.png",
        "RT": [
            [
                -0.0900128185749054,
                -0.8291287422180176,
                -0.5517638325691223,
                1.2619497776031494
            ],
            [
                0.0,
                0.5540127754211426,
                -0.8325082063674927,
                1.9040457010269165
            ],
            [
                0.995940625667572,
                -0.0749364122748375,
                -0.049868252128362656,
                0.11405465006828308
            ],
            [
                0.0,
                0.0,
                0.0,
                1.0
            ]
        ]
    },
    {
        "silhouette_path": "./pose_refine_dataset/silhouettes/silhouette_38.png",
        "RT": [
            [
                -0.24470405280590057,
                -0.807198166847229,
                -0.5371695756912231,
                1.2285709381103516
            ],
            [
                0.0,
                0.5540127754211426,
                -0.8325082063674927,
                1.9040457010269165
            ],
            [
                0.9695978164672852,
                -0.2037181258201599,
                -0.13556917011737823,
                0.31006288528442383
            ],
            [
                0.0,
                0.0,
                0.0,
                1.0
            ]
        ]
    },
    {
        "silhouette_path": "./pose_refine_dataset/silhouettes/silhouette_39.png",
        "RT": [
            [
                -0.3933698534965515,
                -0.7653916478157043,
                -0.509348452091217,
                1.1649407148361206
            ],
            [
                0.0,
                0.5540127754211426,
                -0.8325082063674927,
                1.9040457010269165
            ],
            [
                0.9193803071975708,
                -0.3274836242198944,
                -0.21793192625045776,
                0.4984363317489624
            ],
            [
                0.0,
                0.0,
                0.0,
                1.0
            ]
        ]
    },
    {
        "silhouette_path": "./pose_refine_dataset/silhouettes/silhouette_40.png",
        "RT": [
            [
                -0.7914740443229675,
                0.4699862003326416,
                0.39074522256851196,
                -0.7798539400100708
            ],
            [
                0.0,
                0.6393053531646729,
                -0.7689529657363892,
                1.5346853733062744
            ],
            [
                -0.6112027764320374,
                -0.6086063385009766,
                -0.5059936046600342,
                1.0098680257797241
            ],
            [
                0.0,
                0.0,
                0.0,
                1.0
            ]
        ]
    },
    {
        "silhouette_path": "./pose_refine_dataset/silhouettes/silhouette_41.png",
        "RT": [
            [
                -0.6861164569854736,
                0.5594069361686707,
                0.465089350938797,
                -0.9282308220863342
            ],
            [
                0.0,
                0.6393053531646729,
                -0.7689529657363892,
                1.5346853733062744
            ],
            [
                -0.7274917364120483,
                -0.5275912880897522,
                -0.43863794207572937,
                0.8754388093948364
            ],
            [
                0.0,
                0.0,
                0.0,
                1.0
            ]
        ]
    },
    {
        "silhouette_path": "./pose_refine_dataset/silhouettes/silhouette_42.png",
        "RT": [
            [
                -0.5638644695281982,
                0.6350531578063965,
                0.5279814600944519,
                -1.0537515878677368
            ],
            [
                0.0,
                0.6393054127693176,
                -0.7689529657363892,
                1.5346853733062744
            ],
            [
                -0.8258673548698425,
                -0.4335852563381195,
                -0.3604815900325775,
                0.7194533944129944
            ],
            [
                0.0,
                0.0,
                0.0,
                1.0
            ]
        ]
    },
    {
        "silhouette_path": "./pose_refine_dataset/silhouettes/silhouette_43.png",
        "RT": [
            [
                -0.42772823572158813,
                0.6950622797012329,
                0.5778728127479553,
                -1.1533254384994507
            ],
            [
                0.0,
                0.6393054127693176,
                -0.7689529657363892,
                1.5346853733062744
            ],
            [
                -0.9039073586463928,
                -0.328902930021286,
                -0.2734489440917969,
                0.5457526445388794
            ],
            [
                0.0,
                0.0,
                0.0,
                1.0
            ]
        ]
    },
    {
        "silhouette_path": "./pose_refine_dataset/silhouettes/silhouette_44.png",
        "RT": [
            [
                -0.28105995059013367,
                0.737956702709198,
                0.6135351061820984,
                -1.2245005369186401
            ],
            [
                0.0,
                0.6393054127693176,
                -0.7689529657363892,
                1.5346853733062744
            ],
            [
                -0.9596902132034302,
                -0.21612189710140228,
                -0.1796831339597702,
                0.3586136996746063
            ],
            [
                0.0,
                0.0,
                0.0,
                1.0
            ]
        ]
    },
    {
        "silhouette_path": "./pose_refine_dataset/silhouettes/silhouette_45.png",
        "RT": [
            [
                -0.12747099995613098,
                0.7626801133155823,
                0.6340900659561157,
                -1.2655245065689087
            ],
            [
                0.0,
                0.6393053531646729,
                -0.7689529657363892,
                1.5346853733062744
            ],
            [
                -0.9918422698974609,
                -0.09801921248435974,
                -0.08149289339780807,
                0.16264447569847107
            ],
            [
                0.0,
                0.0,
                0.0,
                1.0
            ]
        ]
    },
    {
        "silhouette_path": "./pose_refine_dataset/silhouettes/silhouette_46.png",
        "RT": [
            [
                0.02925669588148594,
                0.7686238288879395,
                0.639031708240509,
                -1.2753870487213135
            ],
            [
                0.0,
                0.6393054127693176,
                -0.7689529657363892,
                1.5346853733062744
            ],
            [
                -0.9995718598365784,
                0.0224970243871212,
                0.018703963607549667,
                -0.03732959181070328
            ],
            [
                0.0,
                0.0,
                0.0,
                1.0
            ]
        ]
    },
    {
        "silhouette_path": "./pose_refine_dataset/silhouettes/silhouette_47.png",
        "RT": [
            [
                0.185263991355896,
                0.7556414604187012,
                0.6282382011413574,
                -1.25384521484375
            ],
            [
                0.0,
                0.6393053531646729,
                -0.7689529657363892,
                1.5346853733062744
            ],
            [
                -0.9826887845993042,
                0.14245928823947906,
                0.11844026297330856,
                -0.23638448119163513
            ],
            [
                0.0,
                0.0,
                0.0,
                1.0
            ]
        ]
    },
    {
        "silhouette_path": "./pose_refine_dataset/silhouettes/silhouette_48.png",
        "RT": [
            [
                0.33670946955680847,
                0.7240527272224426,
                0.6019754409790039,
                -1.2014296054840088
            ],
            [
                0.0,
                0.6393054127693176,
                -0.7689529657363892,
                1.5346853733062744
            ],
            [
                -0.9416085481643677,
                0.2589137852191925,
                0.21526019275188446,
                -0.42961880564689636
            ],
            [
                0.0,
                0.0,
                0.0,
                1.0
            ]
        ]
    },
    {
        "silhouette_path": "./pose_refine_dataset/silhouettes/silhouette_49.png",
        "RT": [
            [
                0.4798640012741089,
                0.6746354103088379,
                0.5608900189399719,
                -1.1194308996200562
            ],
            [
                0.0,
                0.6393054127693176,
                -0.7689529657363892,
                1.5346853733062744
            ],
            [
                -0.8773428201675415,
                0.3689928650856018,
                0.3067796528339386,
                -0.6122744679450989
            ],
            [
                0.0,
                0.0,
                0.0,
                1.0
            ]
        ]
    },
    {
        "silhouette_path": "./pose_refine_dataset/silhouettes/silhouette_50.png",
        "RT": [
            [
                0.6112027764320374,
                0.6086063385009766,
                0.5059936046600342,
                -1.0098680257797241
            ],
            [
                0.0,
                0.6393053531646729,
                -0.7689529657363892,
                1.5346853733062744
            ],
            [
                -0.7914740443229675,
                0.4699862003326416,
                0.39074522256851196,
                -0.7798539400100708
            ],
            [
                0.0,
                0.0,
                0.0,
                1.0
            ]
        ]
    },
    {
        "silhouette_path": "./pose_refine_dataset/silhouettes/silhouette_51.png",
        "RT": [
            [
                0.7274917364120483,
                0.5275912880897522,
                0.43863794207572937,
                -0.8754388093948364
            ],
            [
                0.0,
                0.6393053531646729,
                -0.7689529657363892,
                1.5346853733062744
            ],
            [
                -0.6861164569854736,
                0.5594069361686707,
                0.465089350938797,
                -0.9282308220863342
            ],
            [
                0.0,
                0.0,
                0.0,
                1.0
            ]
        ]
    },
    {
        "silhouette_path": "./pose_refine_dataset/silhouettes/silhouette_52.png",
        "RT": [
            [
                0.8258673548698425,
                0.4335852563381195,
                0.3604815900325775,
                -0.7194533944129944
            ],
            [
                0.0,
                0.6393054127693176,
                -0.7689529657363892,
                1.5346853733062744
            ],
            [
                -0.5638644695281982,
                0.6350531578063965,
                0.5279814600944519,
                -1.0537515878677368
            ],
            [
                0.0,
                0.0,
                0.0,
                1.0
            ]
        ]
    },
    {
        "silhouette_path": "./pose_refine_dataset/silhouettes/silhouette_53.png",
        "RT": [
            [
                0.9039073586463928,
                0.328902930021286,
                0.2734489440917969,
                -0.5457526445388794
            ],
            [
                0.0,
                0.6393054127693176,
                -0.7689529657363892,
                1.5346853733062744
            ],
            [
                -0.42772823572158813,
                0.6950622797012329,
                0.5778728127479553,
                -1.1533254384994507
            ],
            [
                0.0,
                0.0,
                0.0,
                1.0
            ]
        ]
    },
    {
        "silhouette_path": "./pose_refine_dataset/silhouettes/silhouette_54.png",
