[
    {
        "silhouette_path": "./pose_refine_dataset/silhouettes/first_silhouette_0.png",
        "RT": [
            [1.0, 0.0, 0.0, 0.0],
            [0.0, 1.0, 0.0, 0.0],
            [0.0, 0.0, 1.0, 0.0],
            [0.0, 0.0, 0.0, 1.0]
        ]
    },
    {
        "silhouette_path": "./pose_refine_dataset/silhouettes/silhouette_1.png",
        "RT": [
            [
                0.9817986488342285,
                -0.08273133635520935,
                0.17095904052257538,
                -1.0053168535232544
            ],
            [
                -3.5299114742315396e-09,
                0.9001402854919434,
                0.435600221157074,
                0.05644053593277931
            ],
            [
                -0.1899249106645584,
                -0.4276717007160187,
                0.8837563991546631,
                1.6348366737365723
            ],
            [
                3.2466473953718378e-09,
                9.615988005862164e-09,
                9.312429938290734e-09,
                1.0
            ]
        ]
    },
    {
        "silhouette_path": "./pose_refine_dataset/silhouettes/silhouette_2.png",
        "RT": [
            [
                0.9817986488342285,
                -0.08273133635520935,
                0.17095904052257538,
                -0.8924075365066528
            ],
            [
                -3.5299114742315396e-09,
                0.9001402854919434,
                0.435600221157074,
                -0.27577438950538635
            ],
            [
                -0.1899249106645584,
                -0.4276717007160187,
                0.8837563991546631,
                0.9137668609619141
            ],
            [
                3.2466473953718378e-09,
                9.615988005862164e-09,
                9.312429938290734e-09,
                1.0
            ]
        ]
    },
    {
        "silhouette_path": "./pose_refine_dataset/silhouettes/silhouette_3.png",
        "RT": [
            [
                0.9817986488342285,
                -0.08273133635520935,
                0.17095904052257538,
                -0.3360399305820465
            ],
            [
                -3.5299114742315396e-09,
                0.9001402854919434,
                0.435600221157074,
                -0.48109447956085205
            ],
            [
                -0.1899249106645584,
                -0.4276717007160187,
                0.8837563991546631,
                0.37399327754974365
            ],
            [
                3.2466473953718378e-09,
                9.615988005862164e-09,
                9.312429938290734e-09,
                1.0
            ]
        ]
    },
    {
        "silhouette_path": "./pose_refine_dataset/silhouettes/silhouette_4.png",
        "RT": [
            [
                0.9817986488342285,
                -0.08273133635520935,
                0.17095904052257538,
                0.451272577047348
            ],
            [
                -3.5299114742315396e-09,
                0.9001402854919434,
                0.435600221157074,
                -0.48109447956085205
            ],
            [
                -0.1899249106645584,
                -0.4276717007160187,
                0.8837563991546631,
                0.22169089317321777
            ],
            [
                3.2466473953718378e-09,
                9.615988005862164e-09,
                9.312429938290734e-09,
                1.0
            ]
        ]
    },
    {
        "silhouette_path": "./pose_refine_dataset/silhouettes/silhouette_5.png",
        "RT": [
            [
                0.9817986488342285,
                -0.08273133635520935,
                0.17095904052257538,
                1.1688032150268555
            ],
            [
                -3.5299114742315396e-09,
                0.9001402854919434,
                0.435600221157074,
                -0.27577438950538635
            ],
            [
                -0.1899249106645584,
                -0.4276717007160187,
                0.8837563991546631,
                0.5150341391563416
            ],
            [
                3.2466473953718378e-09,
                9.615988005862164e-09,
                9.312429938290734e-09,
                1.0
            ]
        ]
    },
    {
        "silhouette_path": "./pose_refine_dataset/silhouettes/silhouette_6.png",
        "RT": [
            [
                0.9817986488342285,
                -0.08273133635520935,
                0.17095904052257538,
                1.5424798727035522
            ],
            [
                -3.5299114742315396e-09,
                0.9001402854919434,
                0.435600221157074,
                0.056440528482198715
            ],
            [
                -0.1899249106645584,
                -0.4276717007160187,
                0.8837563991546631,
                1.1419758796691895
            ],
            [
                3.2466473953718378e-09,
                9.615988005862164e-09,
                9.312429938290734e-09,
                1.0
            ]
        ]
    },
    {
        "silhouette_path": "./pose_refine_dataset/silhouettes/silhouette_7.png",
        "RT": [
            [
                0.9817986488342285,
                -0.08273133635520935,
                0.17095904052257538,
                1.4295705556869507
            ],
            [
                -3.5299114742315396e-09,
                0.9001402854919434,
                0.435600221157074,
                0.3886554539203644
            ],
            [
                -0.1899249106645584,
                -0.4276717007160187,
                0.8837563991546631,
                1.8630456924438477
            ],
            [
                3.2466473953718378e-09,
                9.615988005862164e-09,
                9.312429938290734e-09,
                1.0
            ]
        ]
    },
    {
        "silhouette_path": "./pose_refine_dataset/silhouettes/silhouette_8.png",
        "RT": [
            [
                0.9817986488342285,
                -0.08273133635520935,
                0.17095904052257538,
                0.873202919960022
            ],
            [
                -3.5299114742315396e-09,
                0.9001402854919434,
                0.435600221157074,
                0.5939755439758301
            ],
            [
                -0.1899249106645584,
                -0.4276717007160187,
                0.8837563991546631,
                2.4028191566467285
            ],
            [
                3.2466473953718378e-09,
                9.615988005862164e-09,
                9.312429938290734e-09,
                1.0
            ]
        ]
    },
    {
        "silhouette_path": "./pose_refine_dataset/silhouettes/silhouette_9.png",
        "RT": [
            [
                0.9817986488342285,
                -0.08273133635520935,
                0.17095904052257538,
                0.08589038252830505
            ],
            [
                -3.5299114742315396e-09,
                0.9001402854919434,
                0.435600221157074,
                0.5939755439758301
            ],
            [
                -0.1899249106645584,
                -0.4276717007160187,
                0.8837563991546631,
                2.555121660232544
            ],
            [
                3.2466473953718378e-09,
                9.615988005862164e-09,
                9.312429938290734e-09,
                1.0
            ]
        ]
    },
    {
        "silhouette_path": "./pose_refine_dataset/silhouettes/silhouette_10.png",
        "RT": [
            [
                0.9817986488342285,
                -0.08273133635520935,
                0.17095904052257538,
                -0.6316403150558472
            ],
            [
                -3.5299114742315396e-09,
                0.9001402854919434,
                0.435600221157074,
                0.3886554539203644
            ],
            [
                -0.1899249106645584,
                -0.4276717007160187,
                0.8837563991546631,
                2.2617783546447754
            ],
            [
                3.2466473953718378e-09,
                9.615988005862164e-09,
                9.312429938290734e-09,
                1.0
            ]
        ]
    }
]