[
    {
        "silhouette_path": "./pose_refine_dataset/silhouettes/silhouette_0.png",
        "RT": [
            [
                0.0,
                -0.3992428481578827,
                -0.9168452024459839,
                1.2975000143051147
            ],
            [
                -0.0,
                0.9168452620506287,
                -0.3992428183555603,
                0.5649999976158142
            ],
            [
                1.0,
                0.0,
                0.0,
                0.0
            ],
            [
                0.0,
                0.0,
                0.0,
                1.0
            ]
        ]
    },
    {
        "silhouette_path": "./pose_refine_dataset/silhouettes/silhouette_1.png",
        "RT": [
            [
                -0.587960958480835,
                -0.32290029525756836,
                -0.7416450381278992,
                1.0497000217437744
            ],
            [
                0.0,
                0.9168683290481567,
                -0.39918971061706543,
                0.5649999976158142
            ],
            [
                0.8088893890380859,
                -0.23470793664455414,
                -0.5390827655792236,
                0.7630000114440918
            ],
            [
                0.0,
                0.0,
                0.0,
                1.0
            ]
        ]
    },
    {
        "silhouette_path": "./pose_refine_dataset/silhouettes/silhouette_2.png",
        "RT": [
            [
                -0.9510453939437866,
                -0.12338493019342422,
                -0.2833528220653534,
                0.4009999930858612
            ],
            [
                0.0,
                0.9168474674224854,
                -0.3992377519607544,
                0.5649999976158142
            ],
            [
                0.3090512454509735,
                -0.37969326972961426,
                -0.8719635009765625,
                1.2339999675750732
            ],
            [
                0.0,
                0.0,
                0.0,
                1.0
            ]
        ]
    },
    {
        "silhouette_path": "./pose_refine_dataset/silhouettes/silhouette_3.png",
        "RT": [
            [
                -0.9510453939437866,
                0.12338493019342422,
                0.2833528220653534,
                -0.4009999930858612
            ],
            [
                0.0,
                0.9168474674224854,
                -0.3992377519607544,
                0.5649999976158142
            ],
            [
                -0.3090512454509735,
                -0.37969326972961426,
                -0.8719635009765625,
                1.2339999675750732
            ],
            [
                0.0,
                0.0,
                0.0,
                1.0
            ]
        ]
    },
    {
        "silhouette_path": "./pose_refine_dataset/silhouettes/silhouette_4.png",
        "RT": [
            [
                -0.587960958480835,
                0.32290029525756836,
                0.7416450381278992,
                -1.0497000217437744
            ],
            [
                0.0,
                0.9168683290481567,
                -0.39918971061706543,
                0.5649999976158142
            ],
            [
                -0.8088893890380859,
                -0.23470793664455414,
                -0.5390827655792236,
                0.7630000114440918
            ],
            [
                0.0,
                0.0,
                0.0,
                1.0
            ]
        ]
    },
    {
        "silhouette_path": "./pose_refine_dataset/silhouettes/silhouette_5.png",
        "RT": [
            [
                0.0,
                0.3992428481578827,
                0.9168452024459839,
                -1.2975000143051147
            ],
            [
                0.0,
                0.9168452620506287,
                -0.3992428183555603,
                0.5649999976158142
            ],
            [
                -1.0,
                0.0,
                0.0,
                0.0
            ],
            [
                0.0,
                0.0,
                0.0,
                1.0
            ]
        ]
    },
    {
        "silhouette_path": "./pose_refine_dataset/silhouettes/silhouette_6.png",
        "RT": [
            [
                0.587960958480835,
                0.32290029525756836,
                0.7416450381278992,
                -1.0497000217437744
            ],
            [
                0.0,
                0.9168683290481567,
                -0.39918971061706543,
                0.5649999976158142
            ],
            [
                -0.8088893890380859,
                0.23470793664455414,
                0.5390827655792236,
                -0.7630000114440918
            ],
            [
                0.0,
                0.0,
                0.0,
                1.0
            ]
        ]
    },
    {
        "silhouette_path": "./pose_refine_dataset/silhouettes/silhouette_7.png",
        "RT": [
            [
                0.9510453939437866,
                0.12338493019342422,
                0.2833528220653534,
                -0.4009999930858612
            ],
            [
                0.0,
                0.9168474674224854,
                -0.3992377519607544,
                0.5649999976158142
            ],
            [
                -0.3090512454509735,
                0.37969326972961426,
                0.8719635009765625,
                -1.2339999675750732
            ],
            [
                0.0,
                0.0,
                0.0,
                1.0
            ]
        ]
    },
    {
        "silhouette_path": "./pose_refine_dataset/silhouettes/silhouette_8.png",
        "RT": [
            [
                0.9510453939437866,
                -0.12338493019342422,
                -0.2833528220653534,
                0.4009999930858612
            ],
            [
                -0.0,
                0.9168474674224854,
                -0.3992377519607544,
                0.5649999976158142
            ],
            [
                0.3090512454509735,
                0.37969326972961426,
                0.8719635009765625,
                -1.2339999675750732
            ],
            [
                0.0,
                0.0,
                0.0,
                1.0
            ]
        ]
    },
    {
        "silhouette_path": "./pose_refine_dataset/silhouettes/silhouette_9.png",
        "RT": [
            [
                0.587960958480835,
                -0.32290029525756836,
                -0.7416450381278992,
                1.0497000217437744
            ],
            [
                -0.0,
                0.9168683290481567,
                -0.39918971061706543,
                0.5649999976158142
            ],
            [
                0.8088893890380859,
                0.23470793664455414,
                0.5390827655792236,
                -0.7630000114440918
            ],
            [
                0.0,
                0.0,
                0.0,
                1.0
            ]
        ]
    },
    {
        "silhouette_path": "./pose_refine_dataset/silhouettes/silhouette_10.png",
        "RT": [
            [
                0.0,
                -0.6344535946846008,
                -0.7729609608650208,
                1.2975000143051147
            ],
            [
                -0.0,
                0.7729610204696655,
                -0.634453535079956,
                1.065000057220459
            ],
            [
                1.0,
                0.0,
                0.0,
                0.0
            ],
            [
                0.0,
                0.0,
                0.0,
                1.0
            ]
        ]
    },
    {
        "silhouette_path": "./pose_refine_dataset/silhouettes/silhouette_11.png",
        "RT": [
            [
                -0.587960958480835,
                -0.5131542086601257,
                -0.6252797245979309,
                1.0497000217437744
            ],
            [
                0.0,
                0.77301025390625,
                -0.634393572807312,
                1.065000057220459
            ],
            [
                0.8088893890380859,
                -0.3729986548423767,
                -0.4544998109340668,
                0.7630000114440918
            ],
            [
                0.0,
                0.0,
                0.0,
                1.0
            ]
        ]
    },
    {
        "silhouette_path": "./pose_refine_dataset/silhouettes/silhouette_12.png",
        "RT": [
            [
                -0.9510454535484314,
                -0.1960768848657608,
                -0.23888598382472992,
                0.4009999930858612
            ],
            [
                0.0,
                0.7729657292366028,
                -0.6344478726387024,
                1.065000057220459
            ],
            [
                0.3090512156486511,
                -0.603388786315918,
                -0.7351254820823669,
                1.2339999675750732
            ],
            [
                0.0,
                0.0,
                0.0,
                1.0
            ]
        ]
    },
    {
        "silhouette_path": "./pose_refine_dataset/silhouettes/silhouette_13.png",
        "RT": [
            [
                -0.9510454535484314,
                0.1960768848657608,
                0.23888598382472992,
                -0.4009999930858612
            ],
            [
                0.0,
                0.7729657292366028,
                -0.6344478726387024,
                1.065000057220459
            ],
            [
                -0.3090512156486511,
                -0.603388786315918,
                -0.7351254820823669,
                1.2339999675750732
            ],
            [
                0.0,
                0.0,
                0.0,
                1.0
            ]
        ]
    },
    {
        "silhouette_path": "./pose_refine_dataset/silhouettes/silhouette_14.png",
        "RT": [
            [
                -0.587960958480835,
                0.5131542086601257,
                0.6252797245979309,
                -1.0497000217437744
            ],
            [
                0.0,
                0.77301025390625,
                -0.634393572807312,
                1.065000057220459
            ],
            [
                -0.8088893890380859,
                -0.3729986548423767,
                -0.4544998109340668,
                0.7630000114440918
            ],
            [
                0.0,
                0.0,
                0.0,
                1.0
            ]
        ]
    },
    {
        "silhouette_path": "./pose_refine_dataset/silhouettes/silhouette_15.png",
        "RT": [
            [
                0.0,
                0.6344535946846008,
                0.7729609608650208,
                -1.2975000143051147
            ],
            [
                0.0,
                0.7729610204696655,
                -0.634453535079956,
                1.065000057220459
            ],
            [
                -1.0,
                0.0,
                0.0,
                0.0
            ],
            [
                0.0,
                0.0,
                0.0,
                1.0
            ]
        ]
    },
    {
        "silhouette_path": "./pose_refine_dataset/silhouettes/silhouette_16.png",
        "RT": [
            [
                0.587960958480835,
                0.5131542086601257,
                0.6252797245979309,
                -1.0497000217437744
            ],
            [
                0.0,
                0.77301025390625,
                -0.634393572807312,
                1.065000057220459
            ],
            [
                -0.8088893890380859,
                0.3729986548423767,
                0.4544998109340668,
                -0.7630000114440918
            ],
            [
                0.0,
                0.0,
                0.0,
                1.0
            ]
        ]
    },
    {
        "silhouette_path": "./pose_refine_dataset/silhouettes/silhouette_17.png",
        "RT": [
            [
                0.9510454535484314,
                0.1960768848657608,
                0.23888598382472992,
                -0.4009999930858612
            ],
            [
                0.0,
                0.7729657292366028,
                -0.6344478726387024,
                1.065000057220459
            ],
            [
                -0.3090512156486511,
                0.603388786315918,
                0.7351254820823669,
                -1.2339999675750732
            ],
            [
                0.0,
                0.0,
                0.0,
                1.0
            ]
        ]
    },
    {
        "silhouette_path": "./pose_refine_dataset/silhouettes/silhouette_18.png",
        "RT": [
            [
                0.9510454535484314,
                -0.1960768848657608,
                -0.23888598382472992,
                0.4009999930858612
            ],
            [
                -0.0,
                0.7729657292366028,
                -0.6344478726387024,
                1.065000057220459
            ],
            [
                0.3090512156486511,
                0.603388786315918,
                0.7351254820823669,
                -1.2339999675750732
            ],
            [
                0.0,
                0.0,
                0.0,
                1.0
            ]
        ]
    },
    {
        "silhouette_path": "./pose_refine_dataset/silhouettes/silhouette_19.png",
        "RT": [
            [
                0.587960958480835,
                -0.5131542086601257,
                -0.6252797245979309,
                1.0497000217437744
            ],
            [
                -0.0,
                0.77301025390625,
                -0.634393572807312,
                1.065000057220459
            ],
            [
                0.8088893890380859,
                0.3729986548423767,
                0.4544998109340668,
                -0.7630000114440918
            ],
            [
                0.0,
                0.0,
                0.0,
                1.0
            ]
        ]
    },
    {
        "silhouette_path": "./pose_refine_dataset/silhouettes/silhouette_20.png",
        "RT": [
            [
                0.0,
                -0.769831657409668,
                -0.638247013092041,
                1.2975000143051147
            ],
            [
                -0.0,
                0.638247013092041,
                -0.769831657409668,
                1.565000057220459
            ],
            [
                1.0,
                0.0,
                0.0,
                0.0
            ],
            [
                0.0,
                0.0,
                0.0,
                1.0
            ]
        ]
    },
    {
        "silhouette_path": "./pose_refine_dataset/silhouettes/silhouette_21.png",
        "RT": [
            [
                -0.5879608988761902,
                -0.6226685047149658,
                -0.5163195729255676,
                1.0497000217437744
            ],
            [
                0.0,
                0.6383068561553955,
                -0.7697820067405701,
                1.565000057220459
            ],
            [
                0.8088893294334412,
                -0.45260176062583923,
                -0.37529945373535156,
                0.7630000114440918
            ],
            [
                0.0,
                0.0,
                0.0,
                1.0
            ]
        ]
    },
    {
        "silhouette_path": "./pose_refine_dataset/silhouettes/silhouette_22.png",
        "RT": [
            [
                -0.9510453939437866,
                -0.23791594803333282,
                -0.1972527801990509,
                0.4009999930858612
            ],
            [
                0.0,
                0.6382527351379395,
                -0.7698269486427307,
                1.565000057220459
            ],
            [
                0.3090512156486511,
                -0.7321403622627258,
                -0.6070073246955872,
                1.2339999675750732
            ],
            [
                0.0,
                0.0,
                0.0,
                1.0
            ]
        ]
    },
    {
        "silhouette_path": "./pose_refine_dataset/silhouettes/silhouette_23.png",
        "RT": [
            [
                -0.9510453939437866,
                0.23791594803333282,
                0.1972527801990509,
                -0.4009999930858612
            ],
            [
                0.0,
                0.6382527351379395,
                -0.7698269486427307,
                1.565000057220459
            ],
            [
                -0.3090512156486511,
                -0.7321403622627258,
                -0.6070073246955872,
                1.2339999675750732
            ],
            [
                0.0,
                0.0,
                0.0,
                1.0
            ]
        ]
    },
    {
        "silhouette_path": "./pose_refine_dataset/silhouettes/silhouette_24.png",
        "RT": [
            [
                -0.5879608988761902,
                0.6226685047149658,
                0.5163195729255676,
                -1.0497000217437744
            ],
            [
                0.0,
                0.6383068561553955,
                -0.7697820067405701,
                1.565000057220459
            ],
            [
                -0.8088893294334412,
                -0.45260176062583923,
                -0.37529945373535156,
                0.7630000114440918
            ],
            [
                0.0,
                0.0,
                0.0,
                1.0
            ]
        ]
    },
    {
        "silhouette_path": "./pose_refine_dataset/silhouettes/silhouette_25.png",
        "RT": [
            [
                0.0,
                0.769831657409668,
                0.638247013092041,
                -1.2975000143051147
            ],
            [
                0.0,
                0.638247013092041,
                -0.769831657409668,
                1.565000057220459
            ],
            [
                -1.0,
                0.0,
                0.0,
                0.0
            ],
            [
                0.0,
                0.0,
                0.0,
                1.0
            ]
        ]
    },
    {
        "silhouette_path": "./pose_refine_dataset/silhouettes/silhouette_26.png",
        "RT": [
            [
                0.5879608988761902,
                0.6226685047149658,
                0.5163195729255676,
                -1.0497000217437744
            ],
            [
                0.0,
                0.6383068561553955,
                -0.7697820067405701,
                1.565000057220459
            ],
            [
                -0.8088893294334412,
                0.45260176062583923,
                0.37529945373535156,
                -0.7630000114440918
            ],
            [
                0.0,
                0.0,
                0.0,
                1.0
            ]
        ]
    },
    {
        "silhouette_path": "./pose_refine_dataset/silhouettes/silhouette_27.png",
        "RT": [
            [
                0.9510453939437866,
                0.23791594803333282,
                0.1972527801990509,
                -0.4009999930858612
            ],
            [
                0.0,
                0.6382527351379395,
                -0.7698269486427307,
                1.565000057220459
            ],
            [
                -0.3090512156486511,
                0.7321403622627258,
                0.6070073246955872,
                -1.2339999675750732
            ],
            [
                0.0,
                0.0,
                0.0,
                1.0
            ]
        ]
    },
    {
        "silhouette_path": "./pose_refine_dataset/silhouettes/silhouette_28.png",
        "RT": [
            [
                0.9510453939437866,
                -0.23791594803333282,
                -0.1972527801990509,
                0.4009999930858612
            ],
            [
                -0.0,
                0.6382527351379395,
                -0.7698269486427307,
                1.565000057220459
            ],
            [
                0.3090512156486511,
                0.7321403622627258,
                0.6070073246955872,
                -1.2339999675750732
            ],
            [
                0.0,
                0.0,
                0.0,
                1.0
            ]
        ]
    },
    {
        "silhouette_path": "./pose_refine_dataset/silhouettes/silhouette_29.png",
        "RT": [
            [
                0.5879608988761902,
                -0.6226685047149658,
                -0.5163195729255676,
                1.0497000217437744
            ],
            [
                -0.0,
                0.6383068561553955,
                -0.7697820067405701,
                1.565000057220459
            ],
            [
                0.8088893294334412,
                0.45260176062583923,
                0.37529945373535156,
                -0.7630000114440918
            ],
            [
                0.0,
                0.0,
                0.0,
                1.0
            ]
        ]
    },
    {
        "silhouette_path": "./pose_refine_dataset/silhouettes/silhouette_30.png",
        "RT": [
            [
                0.0,
                -0.34111279249191284,
                -0.9400224089622498,
                1.5570000410079956
            ],
            [
                -0.0,
                0.9400224089622498,
                -0.34111279249191284,
                0.5649999976158142
            ],
            [
                1.0,
                0.0,
                0.0,
                0.0
            ],
            [
                0.0,
                0.0,
                0.0,
                1.0
            ]
        ]
    },
    {
        "silhouette_path": "./pose_refine_dataset/silhouettes/silhouette_31.png",
        "RT": [
            [
                -0.5881412029266357,
                -0.2758074700832367,
                -0.7602763772010803,
                1.259600043296814
            ],
            [
                0.0,
                0.9400539398193359,
                -0.34102582931518555,
                0.5649999976158142
            ],
            [
                0.8087583184242249,
                -0.20057134330272675,
                -0.5528843998908997,
                0.9160000085830688
            ],
            [
                0.0,
                0.0,
                0.0,
                1.0
            ]
        ]
    },
    {
        "silhouette_path": "./pose_refine_dataset/silhouettes/silhouette_32.png",
        "RT": [
            [
                -0.9510576725006104,
                -0.10539566725492477,
                -0.290484219789505,
                0.4812000095844269
            ],
            [
                0.0,
                0.9400374293327332,
                -0.3410714566707611,
                0.5649999976158142
            ],
            [
                0.3090134561061859,
                -0.32437863945961,
                -0.8940297961235046,
                1.4809999465942383
            ],
            [
                0.0,
                0.0,
                0.0,
                1.0
            ]
        ]
    },
    {
        "silhouette_path": "./pose_refine_dataset/silhouettes/silhouette_33.png",
        "RT": [
            [
                -0.9510576725006104,
                0.10539566725492477,
                0.290484219789505,
                -0.4812000095844269
            ],
            [
                0.0,
                0.9400374293327332,
                -0.3410714566707611,
                0.5649999976158142
            ],
            [
                -0.3090134561061859,
                -0.32437863945961,
                -0.8940297961235046,
                1.4809999465942383
            ],
            [
                0.0,
                0.0,
                0.0,
                1.0
            ]
        ]
    },
    {
        "silhouette_path": "./pose_refine_dataset/silhouettes/silhouette_34.png",
        "RT": [
            [
                -0.5881412029266357,
                0.2758074700832367,
                0.7602763772010803,
                -1.259600043296814
            ],
            [
                0.0,
                0.9400539398193359,
                -0.34102582931518555,
                0.5649999976158142
            ],
            [
                -0.8087583184242249,
                -0.20057134330272675,
                -0.5528843998908997,
                0.9160000085830688
            ],
            [
                0.0,
                0.0,
                0.0,
                1.0
            ]
        ]
    },
    {
        "silhouette_path": "./pose_refine_dataset/silhouettes/silhouette_35.png",
        "RT": [
            [
                0.0,
                0.34111279249191284,
                0.9400224089622498,
                -1.5570000410079956
            ],
            [
                0.0,
                0.9400224089622498,
                -0.34111279249191284,
                0.5649999976158142
            ],
            [
                -1.0,
                0.0,
                0.0,
                0.0
            ],
            [
                0.0,
                0.0,
                0.0,
                1.0
            ]
        ]
    },
    {
        "silhouette_path": "./pose_refine_dataset/silhouettes/silhouette_36.png",
        "RT": [
            [
                0.5881412029266357,
                0.2758074700832367,
                0.7602763772010803,
                -1.259600043296814
            ],
            [
                0.0,
                0.9400539398193359,
                -0.34102582931518555,
                0.5649999976158142
            ],
            [
                -0.8087583184242249,
                0.20057134330272675,
                0.5528843998908997,
                -0.9160000085830688
            ],
            [
                0.0,
                0.0,
                0.0,
                1.0
            ]
        ]
    },
    {
        "silhouette_path": "./pose_refine_dataset/silhouettes/silhouette_37.png",
        "RT": [
            [
                0.9510576725006104,
                0.10539566725492477,
                0.290484219789505,
                -0.4812000095844269
            ],
            [
                0.0,
                0.9400374293327332,
                -0.3410714566707611,
                0.5649999976158142
            ],
            [
                -0.3090134561061859,
                0.32437863945961,
                0.8940297961235046,
                -1.4809999465942383
            ],
            [
                0.0,
                0.0,
                0.0,
                1.0
            ]
        ]
    },
    {
        "silhouette_path": "./pose_refine_dataset/silhouettes/silhouette_38.png",
        "RT": [
            [
                0.9510576725006104,
                -0.10539566725492477,
                -0.290484219789505,
                0.4812000095844269
            ],
            [
                -0.0,
                0.9400374293327332,
                -0.3410714566707611,
                0.5649999976158142
            ],
            [
                0.3090134561061859,
                0.32437863945961,
                0.8940297961235046,
                -1.4809999465942383
            ],
            [
                0.0,
                0.0,
                0.0,
                1.0
            ]
        ]
    },
    {
        "silhouette_path": "./pose_refine_dataset/silhouettes/silhouette_39.png",
        "RT": [
            [
                0.5881412029266357,
                -0.2758074700832367,
                -0.7602763772010803,
                1.259600043296814
            ],
            [
                -0.0,
                0.9400539398193359,
                -0.34102582931518555,
                0.5649999976158142
            ],
            [
                0.8087583184242249,
                0.20057134330272675,
                0.5528843998908997,
                -0.9160000085830688
            ],
            [
                0.0,
                0.0,
                0.0,
                1.0
            ]
        ]
    },
    {
        "silhouette_path": "./pose_refine_dataset/silhouettes/silhouette_40.png",
        "RT": [
            [
                0.0,
                -0.564569890499115,
                -0.8253852725028992,
                1.5570000410079956
            ],
            [
                -0.0,
                0.8253852725028992,
                -0.564569890499115,
                1.065000057220459
            ],
            [
                1.0,
                0.0,
                0.0,
                0.0
            ],
            [
                0.0,
                0.0,
                0.0,
                1.0
            ]
        ]
    },
    {
        "silhouette_path": "./pose_refine_dataset/silhouettes/silhouette_41.png",
        "RT": [
            [
                -0.5881410837173462,
                -0.45651087164878845,
                -0.6675986051559448,
                1.259600043296814
            ],
            [
                0.0,
                0.8254611492156982,
                -0.564458966255188,
                1.065000057220459
            ],
            [
                0.8087583184242249,
                -0.33198150992393494,
                -0.4854876697063446,
                0.9160000085830688
            ],
            [
                0.0,
                0.0,
                0.0,
                1.0
            ]
        ]
    },
    {
        "silhouette_path": "./pose_refine_dataset/silhouettes/silhouette_42.png",
        "RT": [
            [
                -0.9510576725006104,
                -0.17444340884685516,
                -0.2550663352012634,
                0.4812000095844269
            ],
            [
                0.0,
                0.8254213333129883,
                -0.5645171403884888,
                1.065000057220459
            ],
            [
                0.3090134859085083,
                -0.5368883609771729,
                -0.7850232720375061,
                1.4809999465942383
            ],
            [
                0.0,
                0.0,
                0.0,
                1.0
            ]
        ]
    },
    {
        "silhouette_path": "./pose_refine_dataset/silhouettes/silhouette_43.png",
        "RT": [
            [
                -0.9510576725006104,
                0.17444340884685516,
                0.2550663352012634,
                -0.4812000095844269
            ],
            [
                0.0,
                0.8254213333129883,
                -0.5645171403884888,
                1.065000057220459
            ],
            [
                -0.3090134859085083,
                -0.5368883609771729,
                -0.7850232720375061,
                1.4809999465942383
            ],
            [
                0.0,
                0.0,
                0.0,
                1.0
            ]
        ]
    },
    {
        "silhouette_path": "./pose_refine_dataset/silhouettes/silhouette_44.png",
        "RT": [
            [
                -0.5881410837173462,
                0.45651087164878845,
                0.6675986051559448,
                -1.259600043296814
            ],
            [
                0.0,
                0.8254611492156982,
                -0.564458966255188,
                1.065000057220459
            ],
            [
                -0.8087583184242249,
                -0.33198150992393494,
                -0.4854876697063446,
                0.9160000085830688
            ],
            [
                0.0,
                0.0,
                0.0,
                1.0
            ]
        ]
    },
    {
        "silhouette_path": "./pose_refine_dataset/silhouettes/silhouette_45.png",
        "RT": [
            [
                0.0,
                0.564569890499115,
                0.8253852725028992,
                -1.5570000410079956
            ],
            [
                0.0,
                0.8253852725028992,
                -0.564569890499115,
                1.065000057220459
            ],
            [
                -1.0,
                0.0,
                0.0,
                0.0
            ],
            [
                0.0,
                0.0,
                0.0,
                1.0
            ]
        ]
    },
    {
        "silhouette_path": "./pose_refine_dataset/silhouettes/silhouette_46.png",
        "RT": [
            [
                0.5881410837173462,
                0.45651087164878845,
                0.6675986051559448,
                -1.259600043296814
            ],
            [
                0.0,
                0.8254611492156982,
                -0.564458966255188,
                1.065000057220459
            ],
            [
                -0.8087583184242249,
                0.33198150992393494,
                0.4854876697063446,
                -0.9160000085830688
            ],
            [
                0.0,
                0.0,
                0.0,
                1.0
            ]
        ]
    },
    {
        "silhouette_path": "./pose_refine_dataset/silhouettes/silhouette_47.png",
        "RT": [
            [
                0.9510576725006104,
                0.17444340884685516,
                0.2550663352012634,
                -0.4812000095844269
            ],
            [
                0.0,
                0.8254213333129883,
                -0.5645171403884888,
                1.065000057220459
            ],
            [
                -0.3090134859085083,
                0.5368883609771729,
                0.7850232720375061,
                -1.4809999465942383
            ],
            [
                0.0,
                0.0,
                0.0,
                1.0
            ]
        ]
    },
    {
        "silhouette_path": "./pose_refine_dataset/silhouettes/silhouette_48.png",
        "RT": [
            [
                0.9510576725006104,
                -0.17444340884685516,
                -0.2550663352012634,
                0.4812000095844269
            ],
            [
                -0.0,
                0.8254213333129883,
                -0.5645171403884888,
                1.065000057220459
            ],
            [
                0.3090134859085083,
                0.5368883609771729,
                0.7850232720375061,
                -1.4809999465942383
            ],
            [
                0.0,
                0.0,
                0.0,
                1.0
            ]
        ]
    },
    {
        "silhouette_path": "./pose_refine_dataset/silhouettes/silhouette_49.png",
        "RT": [
            [
                0.5881410837173462,
                -0.45651087164878845,
                -0.6675986051559448,
                1.259600043296814
            ],
            [
                -0.0,
                0.8254611492156982,
                -0.564458966255188,
                1.065000057220459
            ],
            [
                0.8087583184242249,
                0.33198150992393494,
                0.4854876697063446,
                -0.9160000085830688
            ],
            [
                0.0,
                0.0,
                0.0,
                1.0
            ]
        ]
    },
    {
        "silhouette_path": "./pose_refine_dataset/silhouettes/silhouette_50.png",
        "RT": [
            [
                0.0,
                -0.708916425704956,
                -0.7052925229072571,
                1.5570000410079956
            ],
            [
                -0.0,
                0.7052925229072571,
                -0.708916425704956,
                1.565000057220459
            ],
            [
                1.0,
                0.0,
                0.0,
                0.0
            ],
            [
                0.0,
                0.0,
                0.0,
                1.0
            ]
        ]
    },
    {
        "silhouette_path": "./pose_refine_dataset/silhouettes/silhouette_51.png",
        "RT": [
            [
                -0.588141143321991,
                -0.5732597708702087,
                -0.5704938769340515,
                1.259600043296814
            ],
            [
                0.0,
                0.7053947448730469,
                -0.7088146805763245,
                1.565000057220459
            ],
            [
                0.8087583184242249,
                -0.41688308119773865,
                -0.4148716926574707,
                0.9160000085830688
            ],
            [
                0.0,
                0.0,
                0.0,
                1.0
            ]
        ]
    },
    {
        "silhouette_path": "./pose_refine_dataset/silhouettes/silhouette_52.png",
        "RT": [
            [
                -0.9510576725006104,
                -0.21904978156089783,
                -0.217959925532341,
                0.4812000095844269
            ],
            [
                0.0,
                0.7053411602973938,
                -0.7088680267333984,
                1.565000057220459
            ],
            [
                0.3090134859085083,
                -0.6741743683815002,
                -0.6708201169967651,
                1.4809999465942383
            ],
            [
                0.0,
                0.0,
                0.0,
                1.0
            ]
        ]
    },
    {
        "silhouette_path": "./pose_refine_dataset/silhouettes/silhouette_53.png",
        "RT": [
            [
                -0.9510576725006104,
                0.21904978156089783,
                0.217959925532341,
                -0.4812000095844269
            ],
            [
                0.0,
                0.7053411602973938,
                -0.7088680267333984,
                1.565000057220459
            ],
            [
                -0.3090134859085083,
                -0.6741743683815002,
                -0.6708201169967651,
                1.4809999465942383
            ],
            [
                0.0,
                0.0,
                0.0,
                1.0
            ]
        ]
    },
    {
        "silhouette_path": "./pose_refine_dataset/silhouettes/silhouette_54.png",
        "RT": [
            [
                -0.588141143321991,
                0.5732597708702087,
                0.5704938769340515,
                -1.259600043296814
            ],
            [
                0.0,
                0.7053947448730469,
                -0.7088146805763245,
                1.565000057220459
            ],
            [
                -0.8087583184242249,
                -0.41688308119773865,
                -0.4148716926574707,
                0.9160000085830688
            ],
            [
                0.0,
                0.0,
                0.0,
                1.0
            ]
        ]
    },
    {
        "silhouette_path": "./pose_refine_dataset/silhouettes/silhouette_55.png",
        "RT": [
            [
                0.0,
                0.708916425704956,
                0.7052925229072571,
                -1.5570000410079956
            ],
            [
