[
    {
        "silhouette_path": "./pose_refine_dataset/silhouettes/silhouette_0.png",
        "RT": [
            [
                0.0,
                -0.4919138252735138,
                -0.8706439137458801,
                1.0
            ],
            [
                -0.0,
                0.8706439137458801,
                -0.4919138252735138,
                0.5649999976158142
            ],
            [
                1.0,
                0.0,
                0.0,
                0.0
            ],
            [
                0.0,
                0.0,
                0.0,
                1.0
            ]
        ]
    },
    {
        "silhouette_path": "./pose_refine_dataset/silhouettes/silhouette_1.png",
        "RT": [
            [
                -0.5877852439880371,
                -0.3979666531085968,
                -0.7043657302856445,
                0.80901700258255
            ],
            [
                0.0,
                0.8706439137458801,
                -0.4919138252735138,
                0.5649999976158142
            ],
            [
                0.80901700258255,
                -0.28913968801498413,
                -0.511751651763916,
                0.5877852439880371
            ],
            [
                0.0,
                0.0,
                0.0,
                1.0
            ]
        ]
    },
    {
        "silhouette_path": "./pose_refine_dataset/silhouettes/silhouette_2.png",
        "RT": [
            [
                -0.9510564804077148,
                -0.1520097255706787,
                -0.26904377341270447,
                0.30901700258255005
            ],
            [
                0.0,
                0.8706439137458801,
                -0.4919138252735138,
                0.5649999976158142
            ],
            [
                0.30901697278022766,
                -0.4678378403186798,
                -0.828031599521637,
                0.9510565400123596
            ],
            [
                0.0,
                0.0,
                0.0,
                1.0
            ]
        ]
    },
    {
        "silhouette_path": "./pose_refine_dataset/silhouettes/silhouette_3.png",
        "RT": [
            [
                -0.9510564804077148,
                0.1520097255706787,
                0.26904377341270447,
                -0.30901700258255005
            ],
            [
                0.0,
                0.8706439137458801,
                -0.4919138252735138,
                0.5649999976158142
            ],
            [
                -0.30901697278022766,
                -0.4678378403186798,
                -0.828031599521637,
                0.9510565400123596
            ],
            [
                0.0,
                0.0,
                0.0,
                1.0
            ]
        ]
    },
    {
        "silhouette_path": "./pose_refine_dataset/silhouettes/silhouette_4.png",
        "RT": [
            [
                -0.5877852439880371,
                0.3979666531085968,
                0.7043657302856445,
                -0.80901700258255
            ],
            [
                0.0,
                0.8706439137458801,
                -0.4919138252735138,
                0.5649999976158142
            ],
            [
                -0.80901700258255,
                -0.28913968801498413,
                -0.511751651763916,
                0.5877852439880371
            ],
            [
                0.0,
                0.0,
                0.0,
                1.0
            ]
        ]
    },
    {
        "silhouette_path": "./pose_refine_dataset/silhouettes/silhouette_5.png",
        "RT": [
            [
                -1.2246468525851679e-16,
                0.4919138252735138,
                0.8706439137458801,
                -1.0
            ],
            [
                0.0,
                0.8706439137458801,
                -0.4919138252735138,
                0.5649999976158142
            ],
            [
                -1.0,
                -6.024207508713441e-17,
                -1.0662313097183204e-16,
                1.2246468525851679e-16
            ],
            [
                0.0,
                0.0,
                0.0,
                1.0
            ]
        ]
    },
    {
        "silhouette_path": "./pose_refine_dataset/silhouettes/silhouette_6.png",
        "RT": [
            [
                0.5877852439880371,
                0.3979666531085968,
                0.7043657302856445,
                -0.80901700258255
            ],
            [
                0.0,
                0.8706439137458801,
                -0.4919138252735138,
                0.5649999976158142
            ],
            [
                -0.80901700258255,
                0.28913968801498413,
                0.511751651763916,
                -0.5877852439880371
            ],
            [
                0.0,
                0.0,
                0.0,
                1.0
            ]
        ]
    },
    {
        "silhouette_path": "./pose_refine_dataset/silhouettes/silhouette_7.png",
        "RT": [
            [
                0.9510564804077148,
                0.1520097255706787,
                0.26904377341270447,
                -0.30901700258255005
            ],
            [
                0.0,
                0.8706439137458801,
                -0.4919138252735138,
                0.5649999976158142
            ],
            [
                -0.30901697278022766,
                0.4678378403186798,
                0.828031599521637,
                -0.9510565400123596
            ],
            [
                0.0,
                0.0,
                0.0,
                1.0
            ]
        ]
    },
    {
        "silhouette_path": "./pose_refine_dataset/silhouettes/silhouette_8.png",
        "RT": [
            [
                0.9510564804077148,
                -0.1520097255706787,
                -0.26904377341270447,
                0.30901700258255005
            ],
            [
                -0.0,
                0.8706439137458801,
                -0.4919138252735138,
                0.5649999976158142
            ],
            [
                0.30901697278022766,
                0.4678378403186798,
                0.828031599521637,
                -0.9510565400123596
            ],
            [
                0.0,
                0.0,
                0.0,
                1.0
            ]
        ]
    },
    {
        "silhouette_path": "./pose_refine_dataset/silhouettes/silhouette_9.png",
        "RT": [
            [
                0.5877852439880371,
                -0.3979666531085968,
                -0.7043657302856445,
                0.80901700258255
            ],
            [
                -0.0,
                0.8706439137458801,
                -0.4919138252735138,
                0.5649999976158142
            ],
            [
                0.80901700258255,
                0.28913968801498413,
                0.511751651763916,
                -0.5877852439880371
            ],
            [
                0.0,
                0.0,
                0.0,
                1.0
            ]
        ]
    },
    {
        "silhouette_path": "./pose_refine_dataset/silhouettes/silhouette_10.png",
        "RT": [
            [
                -0.15643446147441864,
                -0.7200281023979187,
                -0.6760826706886292,
                0.9876883625984192
            ],
            [
                0.0,
                0.6845101714134216,
                -0.7290033102035522,
                1.065000057220459
            ],
            [
                0.9876883625984192,
                -0.11404123902320862,
                -0.10708097368478775,
                0.15643446147441864
            ],
            [
                0.0,
                0.0,
                0.0,
                1.0
            ]
        ]
    },
    {
        "silhouette_path": "./pose_refine_dataset/silhouettes/silhouette_11.png",
        "RT": [
            [
                -0.7071067690849304,
                -0.5154832601547241,
                -0.48402175307273865,
                0.7071067690849304
            ],
            [
                0.0,
                0.6845101714134216,
                -0.7290033102035522,
                1.065000057220459
            ],
            [
                0.7071067690849304,
                -0.5154832601547241,
                -0.48402175307273865,
                0.7071067690849304
            ],
            [
                0.0,
                0.0,
                0.0,
                1.0
            ]
        ]
    },
    {
        "silhouette_path": "./pose_refine_dataset/silhouettes/silhouette_12.png",
        "RT": [
            [
                -0.9876883625984192,
                -0.11404124647378922,
                -0.10708097368478775,
                0.15643446147441864
            ],
            [
                0.0,
                0.6845101714134216,
                -0.7290033102035522,
                1.065000057220459
            ],
            [
                0.15643446147441864,
                -0.7200281620025635,
                -0.6760826706886292,
                0.9876883625984192
            ],
            [
                0.0,
                0.0,
                0.0,
                1.0
            ]
        ]
    },
    {
        "silhouette_path": "./pose_refine_dataset/silhouettes/silhouette_13.png",
        "RT": [
            [
                -0.8910065293312073,
                0.33096063137054443,
                0.31076109409332275,
                -0.45399048924446106
            ],
            [
                0.0,
                0.6845101714134216,
                -0.7290033102035522,
                1.065000057220459
            ],
            [
                -0.45399051904678345,
                -0.64954674243927,
                -0.6099029779434204,
                0.8910065293312073
            ],
            [
                0.0,
                0.0,
                0.0,
                1.0
            ]
        ]
    },
    {
        "silhouette_path": "./pose_refine_dataset/silhouettes/silhouette_14.png",
        "RT": [
            [
                -0.45399051904678345,
                0.64954674243927,
                0.6099029779434204,
                -0.8910065293312073
            ],
            [
                0.0,
                0.6845101714134216,
                -0.7290033102035522,
                1.065000057220459
            ],
            [
                -0.8910065293312073,
                -0.33096063137054443,
                -0.31076109409332275,
                0.45399048924446106
            ],
            [
                0.0,
                0.0,
                0.0,
                1.0
            ]
        ]
    },
    {
        "silhouette_path": "./pose_refine_dataset/silhouettes/silhouette_15.png",
        "RT": [
            [
                0.15643446147441864,
                0.7200281023979187,
                0.6760826706886292,
                -0.9876883625984192
            ],
            [
                0.0,
                0.6845101714134216,
                -0.7290033102035522,
                1.065000057220459
            ],
            [
                -0.9876883625984192,
                0.11404123902320862,
                0.10708097368478775,
                -0.15643446147441864
            ],
            [
                0.0,
                0.0,
                0.0,
                1.0
            ]
        ]
    },
    {
        "silhouette_path": "./pose_refine_dataset/silhouettes/silhouette_16.png",
        "RT": [
            [
                0.7071067690849304,
                0.5154832601547241,
                0.48402175307273865,
                -0.7071067690849304
            ],
            [
                0.0,
                0.6845101714134216,
                -0.7290033102035522,
                1.065000057220459
            ],
            [
                -0.7071067690849304,
                0.5154832601547241,
                0.48402175307273865,
                -0.7071067690849304
            ],
            [
                0.0,
                0.0,
                0.0,
                1.0
            ]
        ]
    },
    {
        "silhouette_path": "./pose_refine_dataset/silhouettes/silhouette_17.png",
        "RT": [
            [
                0.9876883625984192,
                0.11404124647378922,
                0.10708097368478775,
                -0.15643446147441864
            ],
            [
                0.0,
                0.6845101714134216,
                -0.7290033102035522,
                1.065000057220459
            ],
            [
                -0.15643446147441864,
                0.7200281620025635,
                0.6760826706886292,
                -0.9876883625984192
            ],
            [
                0.0,
                0.0,
                0.0,
                1.0
            ]
        ]
    },
    {
        "silhouette_path": "./pose_refine_dataset/silhouettes/silhouette_18.png",
        "RT": [
            [
                0.8910065293312073,
                -0.33096063137054443,
                -0.31076109409332275,
                0.45399048924446106
            ],
            [
                -0.0,
                0.6845101714134216,
                -0.7290033102035522,
                1.065000057220459
            ],
            [
                0.45399051904678345,
                0.64954674243927,
                0.6099029779434204,
                -0.8910065293312073
            ],
            [
                0.0,
                0.0,
                0.0,
                1.0
            ]
        ]
    },
    {
        "silhouette_path": "./pose_refine_dataset/silhouettes/silhouette_19.png",
        "RT": [
            [
                0.45399051904678345,
                -0.64954674243927,
                -0.6099029779434204,
                0.8910065293312073
            ],
            [
                -0.0,
                0.6845101714134216,
                -0.7290033102035522,
                1.065000057220459
            ],
            [
                0.8910065293312073,
                0.33096063137054443,
                0.31076109409332275,
                -0.45399048924446106
            ],
            [
                0.0,
                0.0,
                0.0,
                1.0
            ]
        ]
    },
    {
        "silhouette_path": "./pose_refine_dataset/silhouettes/silhouette_20.png",
        "RT": [
            [
                -0.30901700258255005,
                -0.8014194965362549,
                -0.5120891332626343,
                0.9510565400123596
            ],
            [
                0.0,
                0.5384423732757568,
                -0.8426623344421387,
                1.565000057220459
            ],
            [
                0.9510565400123596,
                -0.2603969871997833,
                -0.16638784110546112,
                0.30901700258255005
            ],
            [
                0.0,
                0.0,
                0.0,
                1.0
            ]
        ]
    },
    {
        "silhouette_path": "./pose_refine_dataset/silhouettes/silhouette_21.png",
        "RT": [
            [
                -0.80901700258255,
                -0.49530449509620667,
                -0.31648847460746765,
                0.5877852439880371
            ],
            [
                0.0,
                0.5384423732757568,
                -0.8426623344421387,
                1.565000057220459
            ],
            [
                0.5877852439880371,
                -0.681728184223175,
                -0.43560904264450073,
                0.80901700258255
            ],
            [
                0.0,
                0.0,
                0.0,
                1.0
            ]
        ]
    },
    {
        "silhouette_path": "./pose_refine_dataset/silhouettes/silhouette_22.png",
        "RT": [
            [
                -1.0,
                -5.159818988718798e-17,
                -3.29700891099387e-17,
                6.123234262925839e-17
            ],
            [
                0.0,
                0.5384423732757568,
                -0.8426623344421387,
                1.565000057220459
            ],
            [
                6.123234262925839e-17,
                -0.8426623344421387,
                -0.5384423732757568,
                1.0
            ],
            [
                0.0,
                0.0,
                0.0,
                1.0
            ]
        ]
    },
    {
        "silhouette_path": "./pose_refine_dataset/silhouettes/silhouette_23.png",
        "RT": [
            [
                -0.80901700258255,
                0.49530449509620667,
                0.31648847460746765,
                -0.5877852439880371
            ],
            [
                0.0,
                0.5384423732757568,
                -0.8426623344421387,
                1.565000057220459
            ],
            [
                -0.5877852439880371,
                -0.681728184223175,
                -0.43560904264450073,
                0.80901700258255
            ],
            [
                0.0,
                0.0,
                0.0,
                1.0
            ]
        ]
    },
    {
        "silhouette_path": "./pose_refine_dataset/silhouettes/silhouette_24.png",
        "RT": [
            [
                -0.30901700258255005,
                0.8014194965362549,
                0.5120891332626343,
                -0.9510565400123596
            ],
            [
                0.0,
                0.5384423732757568,
                -0.8426623344421387,
                1.565000057220459
            ],
            [
                -0.9510565400123596,
                -0.2603969871997833,
                -0.16638784110546112,
                0.30901700258255005
            ],
            [
                0.0,
                0.0,
                0.0,
                1.0
            ]
        ]
    },
    {
        "silhouette_path": "./pose_refine_dataset/silhouettes/silhouette_25.png",
        "RT": [
            [
                0.30901700258255005,
                0.8014194965362549,
                0.5120891332626343,
                -0.9510565400123596
            ],
            [
                0.0,
                0.5384423732757568,
                -0.8426623344421387,
                1.565000057220459
            ],
            [
                -0.9510565400123596,
                0.2603969871997833,
                0.16638784110546112,
                -0.30901700258255005
            ],
            [
                0.0,
                0.0,
                0.0,
                1.0
            ]
        ]
    },
    {
        "silhouette_path": "./pose_refine_dataset/silhouettes/silhouette_26.png",
        "RT": [
            [
                0.80901700258255,
                0.49530449509620667,
                0.31648847460746765,
                -0.5877852439880371
            ],
            [
                0.0,
                0.5384423732757568,
                -0.8426623344421387,
                1.565000057220459
            ],
            [
                -0.5877852439880371,
                0.681728184223175,
                0.43560904264450073,
                -0.80901700258255
            ],
            [
                0.0,
                0.0,
                0.0,
                1.0
            ]
        ]
    },
    {
        "silhouette_path": "./pose_refine_dataset/silhouettes/silhouette_27.png",
        "RT": [
            [
                1.0,
                1.5479455642667414e-16,
                9.891025409492629e-17,
                -1.8369701465288538e-16
            ],
            [
                0.0,
                0.5384423732757568,
                -0.8426623344421387,
                1.565000057220459
            ],
            [
                -1.8369701465288538e-16,
                0.8426623344421387,
                0.5384423732757568,
                -1.0
            ],
            [
                0.0,
                0.0,
                0.0,
                1.0
            ]
        ]
    },
    {
        "silhouette_path": "./pose_refine_dataset/silhouettes/silhouette_28.png",
        "RT": [
            [
                0.80901700258255,
                -0.49530449509620667,
                -0.31648847460746765,
                0.5877852439880371
            ],
            [
                -0.0,
                0.5384423732757568,
                -0.8426623344421387,
                1.565000057220459
            ],
            [
                0.5877852439880371,
                0.681728184223175,
                0.43560904264450073,
                -0.80901700258255
            ],
            [
                0.0,
                0.0,
                0.0,
                1.0
            ]
        ]
    },
    {
        "silhouette_path": "./pose_refine_dataset/silhouettes/silhouette_29.png",
        "RT": [
            [
                0.30901700258255005,
                -0.8014194965362549,
                -0.5120891332626343,
                0.9510565400123596
            ],
            [
                -0.0,
                0.5384423732757568,
                -0.8426623344421387,
                1.565000057220459
            ],
            [
                0.9510565400123596,
                0.2603969871997833,
                0.16638784110546112,
                -0.30901700258255005
            ],
            [
                0.0,
                0.0,
                0.0,
                1.0
            ]
        ]
    },
    {
        "silhouette_path": "./pose_refine_dataset/silhouettes/silhouette_30.png",
        "RT": [
            [
                -0.3826833963394165,
                -0.39355286955833435,
                -0.8358645439147949,
                1.1086554527282715
            ],
            [
                0.0,
                0.9047333002090454,
                -0.42597854137420654,
                0.5649999976158142
            ],
            [
                0.9238795638084412,
                -0.16301491856575012,
                -0.34622639417648315,
                0.45922011137008667
            ],
            [
                0.0,
                0.0,
                0.0,
                1.0
            ]
        ]
    },
    {
        "silhouette_path": "./pose_refine_dataset/silhouettes/silhouette_31.png",
        "RT": [
            [
                -0.8526401519775391,
                -0.2225731909275055,
                -0.47272181510925293,
                0.6269983053207397
            ],
            [
                0.0,
                0.9047333002090454,
                -0.42597854137420654,
                0.5649999976158142
            ],
            [
                0.5224985480308533,
                -0.3632064461708069,
                -0.7714118957519531,
                1.0231682062149048
            ],
            [
                0.0,
                0.0,
                0.0,
                1.0
            ]
        ]
    },
    {
        "silhouette_path": "./pose_refine_dataset/silhouettes/silhouette_32.png",
        "RT": [
            [
                -0.9969173073768616,
                0.033421896398067474,
                0.07098455727100372,
                -0.09415091574192047
            ],
            [
                0.0,
                0.9047332406044006,
                -0.4259786009788513,
                0.5649999976158142
            ],
            [
                -0.07845909893512726,
                -0.4246654510498047,
                -0.9019442796707153,
                1.196300745010376
            ],
            [
                0.0,
                0.0,
                0.0,
                1.0
            ]
        ]
    },
    {
        "silhouette_path": "./pose_refine_dataset/silhouettes/silhouette_33.png",
        "RT": [
            [
                -0.760405957698822,
                0.27665093541145325,
                0.587577223777771,
                -0.7793376445770264
            ],
            [
                0.0,
                0.9047332406044006,
                -0.42597854137420654,
                0.5649999976158142
            ],
            [
                -0.649448037147522,
                -0.32391661405563354,
                -0.6879645586013794,
                0.9124871492385864
            ],
            [
                0.0,
                0.0,
                0.0,
                1.0
            ]
        ]
    },
    {
        "silhouette_path": "./pose_refine_dataset/silhouettes/silhouette_34.png",
        "RT": [
            [
                -0.23344537615776062,
                0.4142087697982788,
                0.8797353506088257,
                -1.1668438911437988
            ],
            [
                0.0,
                0.9047333002090454,
                -0.42597854137420654,
                0.5649999976158142
            ],
            [
                -0.9723699688911438,
                -0.0994427278637886,
                -0.21120578050613403,
                0.2801344394683838
            ],
            [
                0.0,
                0.0,
                0.0,
                1.0
            ]
        ]
    },
    {
        "silhouette_path": "./pose_refine_dataset/silhouettes/silhouette_35.png",
        "RT": [
            [
                0.3826833963394165,
                0.39355286955833435,
                0.8358645439147949,
                -1.1086554527282715
            ],
            [
                0.0,
                0.9047333002090454,
                -0.42597854137420654,
                0.5649999976158142
            ],
            [
                -0.9238795638084412,
                0.16301491856575012,
                0.34622639417648315,
                -0.45922011137008667
            ],
            [
                0.0,
                0.0,
                0.0,
                1.0
            ]
        ]
    },
    {
        "silhouette_path": "./pose_refine_dataset/silhouettes/silhouette_36.png",
        "RT": [
            [
                0.8526401519775391,
                0.2225731909275055,
                0.47272181510925293,
                -0.6269983053207397
            ],
            [
                0.0,
                0.9047333002090454,
                -0.42597854137420654,
                0.5649999976158142
            ],
            [
                -0.5224985480308533,
                0.3632064461708069,
                0.7714118957519531,
                -1.0231682062149048
            ],
            [
                0.0,
                0.0,
                0.0,
                1.0
            ]
        ]
    },
    {
        "silhouette_path": "./pose_refine_dataset/silhouettes/silhouette_37.png",
        "RT": [
            [
                0.9969173073768616,
                -0.033421896398067474,
                -0.07098455727100372,
                0.09415091574192047
            ],
            [
                -0.0,
                0.9047332406044006,
                -0.4259786009788513,
                0.5649999976158142
            ],
            [
                0.07845909893512726,
                0.4246654510498047,
                0.9019442796707153,
                -1.196300745010376
            ],
            [
                0.0,
                0.0,
                0.0,
                1.0
            ]
        ]
    },
    {
        "silhouette_path": "./pose_refine_dataset/silhouettes/silhouette_38.png",
        "RT": [
            [
                0.760405957698822,
                -0.27665093541145325,
                -0.587577223777771,
                0.7793376445770264
            ],
            [
                -0.0,
                0.9047332406044006,
                -0.42597854137420654,
                0.5649999976158142
            ],
            [
                0.649448037147522,
                0.32391661405563354,
                0.6879645586013794,
                -0.9124871492385864
            ],
            [
                0.0,
                0.0,
                0.0,
                1.0
            ]
        ]
    },
    {
        "silhouette_path": "./pose_refine_dataset/silhouettes/silhouette_39.png",
        "RT": [
            [
                0.23344537615776062,
                -0.4142087697982788,
                -0.8797353506088257,
                1.1668438911437988
            ],
            [
                -0.0,
                0.9047333002090454,
                -0.42597854137420654,
                0.5649999976158142
            ],
            [
                0.9723699688911438,
                0.0994427278637886,
                0.21120578050613403,
                -0.2801344394683838
            ],
            [
                0.0,
                0.0,
                0.0,
                1.0
            ]
        ]
    },
    {
        "silhouette_path": "./pose_refine_dataset/silhouettes/silhouette_40.png",
        "RT": [
            [
                -0.5,
                -0.5748533010482788,
                -0.6477218866348267,
                1.039230465888977
            ],
            [
                0.0,
                0.7479248046875,
                -0.6637833714485168,
                1.065000057220459
            ],
            [
                0.8660253286361694,
                -0.3318917155265808,
                -0.3739624321460724,
                0.6000000238418579
            ],
            [
                0.0,
                0.0,
                0.0,
                1.0
            ]
        ]
    },
    {
        "silhouette_path": "./pose_refine_dataset/silhouettes/silhouette_41.png",
        "RT": [
            [
                -0.9135454297065735,
                -0.26998502016067505,
                -0.3042084276676178,
                0.48808395862579346
            ],
            [
                0.0,
                0.7479248642921448,
                -0.6637833714485168,
                1.065000057220459
            ],
            [
                0.4067366123199463,
                -0.6063963174819946,
                -0.68326336145401,
                1.096254587173462
            ],
            [
                0.0,
                0.0,
                0.0,
                1.0
            ]
        ]
    },
    {
        "silhouette_path": "./pose_refine_dataset/silhouettes/silhouette_42.png",
        "RT": [
            [
                -0.9781476259231567,
                0.13800832629203796,
                0.1555023193359375,
                -0.2494940310716629
            ],
            [
                0.0,
                0.7479248642921448,
                -0.6637833714485168,
                1.065000057220459
            ],
            [
                -0.2079116851091385,
                -0.6492781043052673,
                -0.731580913066864,
                1.1737771034240723
            ],
            [
                0.0,
                0.0,
                0.0,
                1.0
            ]
        ]
    },
    {
        "silhouette_path": "./pose_refine_dataset/silhouettes/silhouette_43.png",
        "RT": [
            [
                -0.6691305637359619,
                0.49328720569610596,
                0.5558165311813354,
                -0.8917738199234009
            ],
            [
                0.0,
                0.7479248642921448,
                -0.6637833714485168,
                1.065000057220459
            ],
            [
                -0.7431448698043823,
                -0.44415774941444397,
                -0.5004593729972839,
                0.8029567003250122
            ],
            [
                0.0,
                0.0,
                0.0,
                1.0
            ]
        ]
    },
    {
        "silhouette_path": "./pose_refine_dataset/silhouettes/silhouette_44.png",
        "RT": [
            [
                -0.10452846437692642,
                0.6601471304893494,
                0.7438277006149292,
                -1.193426251411438
            ],
            [
                0.0,
                0.7479249238967896,
                -0.6637833714485168,
                1.065000057220459
            ],
            [
                -0.9945218563079834,
                -0.06938426196575165,
                -0.07817944139242172,
                0.12543416023254395
            ],
            [
                0.0,
                0.0,
                0.0,
                1.0
            ]
        ]
    },
    {
        "silhouette_path": "./pose_refine_dataset/silhouettes/silhouette_45.png",
        "RT": [
            [
                0.5,
                0.5748533010482788,
                0.6477218866348267,
                -1.039230465888977
            ],
            [
                0.0,
                0.7479248046875,
                -0.6637833714485168,
                1.065000057220459
            ],
            [
                -0.8660253286361694,
                0.3318917155265808,
                0.3739624321460724,
                -0.6000000238418579
            ],
            [
                0.0,
                0.0,
                0.0,
                1.0
            ]
        ]
    },
    {
        "silhouette_path": "./pose_refine_dataset/silhouettes/silhouette_46.png",
        "RT": [
            [
                0.9135454297065735,
                0.26998502016067505,
                0.3042084276676178,
                -0.48808395862579346
            ],
            [
                0.0,
                0.7479248642921448,
                -0.6637833714485168,
                1.065000057220459
            ],
            [
                -0.4067366123199463,
                0.6063963174819946,
                0.68326336145401,
                -1.096254587173462
            ],
            [
                0.0,
                0.0,
                0.0,
                1.0
            ]
        ]
    },
    {
        "silhouette_path": "./pose_refine_dataset/silhouettes/silhouette_47.png",
        "RT": [
            [
                0.9781476259231567,
                -0.13800832629203796,
                -0.1555023193359375,
                0.2494940310716629
            ],
            [
                -0.0,
                0.7479248642921448,
                -0.6637833714485168,
                1.065000057220459
            ],
            [
                0.2079116851091385,
                0.6492781043052673,
                0.731580913066864,
                -1.1737771034240723
            ],
            [
                0.0,
                0.0,
                0.0,
                1.0
            ]
        ]
    },
    {
        "silhouette_path": "./pose_refine_dataset/silhouettes/silhouette_48.png",
        "RT": [
            [
                0.6691305637359619,
                -0.49328720569610596,
                -0.5558165311813354,
                0.8917738199234009
            ],
            [
                -0.0,
                0.7479248642921448,
                -0.6637833714485168,
                1.065000057220459
            ],
            [
                0.7431448698043823,
                0.44415774941444397,
                0.5004593729972839,
                -0.8029567003250122
            ],
            [
                0.0,
                0.0,
                0.0,
                1.0
            ]
        ]
    },
    {
        "silhouette_path": "./pose_refine_dataset/silhouettes/silhouette_49.png",
        "RT": [
            [
                0.10452846437692642,
                -0.6601471304893494,
                -0.7438277006149292,
                1.193426251411438
            ],
            [
                -0.0,
                0.7479249238967896,
                -0.6637833714485168,
                1.065000057220459
            ],
            [
                0.9945218563079834,
                0.06938426196575165,
                0.07817944139242172,
                -0.12543416023254395
            ],
            [
                0.0,
                0.0,
                0.0,
                1.0
            ]
        ]
    },
    {
        "silhouette_path": "./pose_refine_dataset/silhouettes/silhouette_50.png",
        "RT": [
            [
                -0.7071067690849304,
                -0.5611355900764465,
                -0.4302636981010437,
                0.8485281467437744
            ],
            [
                0.0,
                0.6084847450256348,
                -0.793565571308136,
                1.565000057220459
            ],
            [
                0.7071067690849304,
                -0.5611355900764465,
                -0.4302636981010437,
                0.8485281467437744
            ],
            [
                0.0,
                0.0,
                0.0,
                1.0
            ]
        ]
    },
    {
        "silhouette_path": "./pose_refine_dataset/silhouettes/silhouette_51.png",
        "RT": [
            [
                -0.9876883029937744,
                -0.12414102256298065,
                -0.09518799185752869,
                0.1877213567495346
            ],
            [
                0.0,
                0.6084847450256348,
                -0.793565571308136,
                1.565000057220459
            ],
            [
                0.15643447637557983,
                -0.7837954759597778,
                -0.600993275642395,
                1.1852259635925293
            ],
            [
                0.0,
                0.0,
                0.0,
                1.0
            ]
        ]
    },
    {
        "silhouette_path": "./pose_refine_dataset/silhouettes/silhouette_52.png",
        "RT": [
            [
                -0.8910064697265625,
                0.36027127504348755,
                0.2762463092803955,
                -0.5447885990142822
            ],
            [
                0.0,
                0.6084847450256348,
                -0.793565571308136,
                1.565000057220459
            ],
            [
                -0.45399051904678345,
                -0.7070721387863159,
                -0.5421638488769531,
                1.069207787513733
            ],
            [
                0.0,
                0.0,
                0.0,
                1.0
            ]
        ]
    },
    {
        "silhouette_path": "./pose_refine_dataset/silhouettes/silhouette_53.png",
        "RT": [
            [
                -0.45399051904678345,
                0.7070721387863159,
                0.5421638488769531,
                -1.069207787513733
            ],
            [
                0.0,
                0.6084847450256348,
                -0.793565571308136,
                1.565000057220459
            ],
            [
                -0.8910064697265625,
                -0.36027127504348755,
                -0.2762463092803955,
                0.5447885990142822
            ],
            [
                0.0,
                0.0,
                0.0,
                1.0
            ]
        ]
    },
    {
        "silhouette_path": "./pose_refine_dataset/silhouettes/silhouette_54.png",
        "RT": [
            [
                0.15643447637557983,
                0.7837954759597778,
                0.600993275642395,
                -1.1852259635925293
            ],
            [
