[
    {
        "silhouette_path": "./pose_refine_dataset/silhouettes/silhouette_0.png",
        "RT": [
            [
                0.0,
                -0.3993564546108246,
                -0.9167957305908203,
                1.2975149154663086
            ],
            [
                -0.0,
                0.9167957901954651,
                -0.3993564248085022,
                0.565197765827179
            ],
            [
                1.0,
                0.0,
                0.0,
                0.0
            ],
            [
                0.0,
                0.0,
                0.0,
                1.0
            ]
        ]
    },
    {
        "silhouette_path": "./pose_refine_dataset/silhouettes/silhouette_1.png",
        "RT": [
            [
                -0.5877853035926819,
                -0.323086142539978,
                -0.7417033314704895,
                1.0497115850448608
            ],
            [
                0.0,
                0.9167957901954651,
                -0.3993564248085022,
                0.565197765827179
            ],
            [
                0.80901700258255,
                -0.23473583161830902,
                -0.5388790369033813,
                0.7626601457595825
            ],
            [
                0.0,
                0.0,
                0.0,
                1.0
            ]
        ]
    },
    {
        "silhouette_path": "./pose_refine_dataset/silhouettes/silhouette_2.png",
        "RT": [
            [
                -0.9510564804077148,
                -0.12340793758630753,
                -0.28330546617507935,
                0.40095415711402893
            ],
            [
                0.0,
                0.9167957901954651,
                -0.3993564248085022,
                0.565197765827179
            ],
            [
                0.30901700258255005,
                -0.3798105716705322,
                -0.8719245195388794,
                1.2340099811553955
            ],
            [
                0.0,
                0.0,
                0.0,
                1.0
            ]
        ]
    },
    {
        "silhouette_path": "./pose_refine_dataset/silhouettes/silhouette_3.png",
        "RT": [
            [
                -0.9510564804077148,
                0.12340793758630753,
                0.28330546617507935,
                -0.40095415711402893
            ],
            [
                0.0,
                0.9167957901954651,
                -0.3993564248085022,
                0.565197765827179
            ],
            [
                -0.30901700258255005,
                -0.3798105716705322,
                -0.8719245195388794,
                1.2340099811553955
            ],
            [
                0.0,
                0.0,
                0.0,
                1.0
            ]
        ]
    },
    {
        "silhouette_path": "./pose_refine_dataset/silhouettes/silhouette_4.png",
        "RT": [
            [
                -0.5877853035926819,
                0.323086142539978,
                0.7417033314704895,
                -1.0497115850448608
            ],
            [
                0.0,
                0.9167957901954651,
                -0.3993564248085022,
                0.565197765827179
            ],
            [
                -0.80901700258255,
                -0.23473583161830902,
                -0.5388790369033813,
                0.7626601457595825
            ],
            [
                0.0,
                0.0,
                0.0,
                1.0
            ]
        ]
    },
    {
        "silhouette_path": "./pose_refine_dataset/silhouettes/silhouette_5.png",
        "RT": [
            [
                0.0,
                0.3993564546108246,
                0.9167957305908203,
                -1.2975149154663086
            ],
            [
                0.0,
                0.9167957901954651,
                -0.3993564248085022,
                0.565197765827179
            ],
            [
                -1.0,
                0.0,
                0.0,
                0.0
            ],
            [
                0.0,
                0.0,
                0.0,
                1.0
            ]
        ]
    },
    {
        "silhouette_path": "./pose_refine_dataset/silhouettes/silhouette_6.png",
        "RT": [
            [
                0.0,
                -0.3993564546108246,
                0.9167957305908203,
                -1.2975149154663086
            ],
            [
                0.0,
                0.9167957901954651,
                0.3993564248085022,
                -0.565197765827179
            ],
            [
                -1.0,
                0.0,
                0.0,
                0.0
            ],
            [
                0.0,
                0.0,
                0.0,
                1.0
            ]
        ]
    },
    {
        "silhouette_path": "./pose_refine_dataset/silhouettes/silhouette_7.png",
        "RT": [
            [
                0.5877853035926819,
                0.323086142539978,
                0.7417033314704895,
                -1.0497115850448608
            ],
            [
                0.0,
                0.9167957901954651,
                -0.3993564248085022,
                0.565197765827179
            ],
            [
                -0.80901700258255,
                0.23473583161830902,
                0.5388790369033813,
                -0.7626601457595825
            ],
            [
                0.0,
                0.0,
                0.0,
                1.0
            ]
        ]
    },
    {
        "silhouette_path": "./pose_refine_dataset/silhouettes/silhouette_8.png",
        "RT": [
            [
                0.9510564804077148,
                0.12340793758630753,
                0.28330546617507935,
                -0.40095415711402893
            ],
            [
                0.0,
                0.9167957901954651,
                -0.3993564248085022,
                0.565197765827179
            ],
            [
                -0.30901700258255005,
                0.3798105716705322,
                0.8719245195388794,
                -1.2340099811553955
            ],
            [
                0.0,
                0.0,
                0.0,
                1.0
            ]
        ]
    },
    {
        "silhouette_path": "./pose_refine_dataset/silhouettes/silhouette_9.png",
        "RT": [
            [
                0.9510564804077148,
                -0.12340793758630753,
                -0.28330546617507935,
                0.40095415711402893
            ],
            [
                -0.0,
                0.9167957901954651,
                -0.3993564248085022,
                0.565197765827179
            ],
            [
                0.30901700258255005,
                0.3798105716705322,
                0.8719245195388794,
                -1.2340099811553955
            ],
            [
                0.0,
                0.0,
                0.0,
                1.0
            ]
        ]
    },
    {
        "silhouette_path": "./pose_refine_dataset/silhouettes/silhouette_10.png",
        "RT": [
            [
                0.5877853035926819,
                -0.323086142539978,
                -0.7417033314704895,
                1.0497115850448608
            ],
            [
                -0.0,
                0.9167957901954651,
                -0.3993564248085022,
                0.565197765827179
            ],
            [
                0.80901700258255,
                0.23473583161830902,
                0.5388790369033813,
                -0.7626601457595825
            ],
            [
                0.0,
                0.0,
                0.0,
                1.0
            ]
        ]
    },
    {
        "silhouette_path": "./pose_refine_dataset/silhouettes/silhouette_11.png",
        "RT": [
            [
                0.5877853035926819,
                0.323086142539978,
                -0.7417033314704895,
                1.0497115850448608
            ],
            [
                -0.0,
                0.9167957901954651,
                0.3993564248085022,
                -0.565197765827179
            ],
            [
                0.80901700258255,
                -0.23473583161830902,
                0.5388790369033813,
                -0.7626601457595825
            ],
            [
                0.0,
                0.0,
                0.0,
                1.0
            ]
        ]
    }
]